150
-60
525
585
389
-577
605
472
-389
-12
-259
-600
-434
553
665
784
-164
-44
-159
-754
778
-647
862
602
-695
-750
859
-693
833
242
173
-18
-819
-746
-434
570
-766
-829
41
-597
159
340
-640
725
-551
-976
65
-158
-19
463
88
-242
374
-494
917
679
-243
775
986
-854
17
-284
129
198
-30
252
-675
-238
423
-77
165
-862
-738
525
421
-731
106
-515
111
-914
506
757
-599
-121
-738
-683
-443
-424
650
-901
-277
-777
-628
409
-22
343
-340
303
-896
641
784
-174
779
603
-650
199
872
456
242
-17
100
-253
-261
58
183
-442
376
297
135
-418
396
858
-638
769
266
-103
-332
483
-800
-671
123
541
155
-98
143
62
658
15
-483
-544
555
617
203
-707
-325
943
-149
608
239
543
747
-365
-43
666
961
-778
-438
-815
706
-681
-929
-615
860
226
287
3
845
-55
575
-639
-42
129
536
-839
-21
768
661
387
-68
-100
-70
-322
92
887
-657
-391
667
-95
-206
-71
225
-578
314
-359
648
-399
644
49
103
-225
410
-940
904
-498
779
-561
-731
440
827
201
897
-244
436
-12
-801
779
597
866
-759
948
-206
23
-631
-892
664
574
-734
-135
-378
-74
640
-969
-457
101
-466
880
540
-640
319
-77
562
-228
679
-3
760
436
-667
356
301
-869
-140
-905
154
229
761
-626
-198
584
239
424
-491
-564
12
-391
94
103
-512
-810
464
364
114
25
-865
-651
579
895
785
912
-193
86
-958
667
-262
-247
-105
-945
128
254
639
924
-323
705
917
247
-687
10
-651
-198
-242
813
-835
872
-606
-699
778
531
753
563
-1
-440
-795
-401
784
-500
352
-764
-888
-964
490
751
518
725
12
434
-29
325
-999
-123
684
-241
-753
407
-813
-802
708
965
729
17
84
-272
134
289
-116
-82
346
793
154
458
387
-800
-235
-96
925
777
895
-548
-341
453
330
900
-789
134
306
956
332
13
921
61
588
4
346
-279
851
787
639
-247
579
-651
-789
-35
-893
-24
426
-969
-690
321
-959
-474
-670
-72
-575
-901
-939
732
-946
393
-699
532
-990
889
-464
356
-390
944
-301
806
-304
-722
713
-536
-200
820
-2
-774
408
308
104
449
391
434
-624
816
90
-563
104
145
388
406
-324
398
-149
-231
-689
18
-731
10
-176
-477
288
-907
-13
646
913
985
872
320
-151
-468
-231
-761
523
-298
613
-387
-303
-284
315
-916
679
548
482
-470
875
793
105
-857
-640
929
-777
648
579
211
-150
491
195
-722
-632
602
-190
-306
841
891
396
453
-940
-908
727
375
734
405
-521
216
492
-647
-435
-403
-946
-75
-918
-723
-870
662
45
-20
-291
798
-184
77
399
183
771
239
73
167
-751
133
-184
533
-936
-450
-63
-899
323
987
-546
445
-417
-935
-630
-778
901
-943
884
-55
37
-850
-258
853
227
-860
36
-2
-63
666
722
-257
-644
-906
833
978
-356
-674
-922
524
-688
-910
-31
-548
713
339
-325
613
396
-885
-885
990
-735
-143
400
493
-445
993
-953
49
658
769
349
571
863
181
549
-936
507
627
145
377
274
-887
829
-13
9
-940
-401
962
734
-729
509
999
-314
-92
48
241
-543
-348
847
672
978
-248
243
398
490
-652
462
-447
532
-394
930
-194
-723
316
793
286
376
949
-195
109
-780
-687
-335
-94
-222
713
704
235
923
107
-537
900
416
706
297
-95
-947
-242
458
586
-78
388
949
-244
-297
741
599
636
246
-597
-698
23
-727
-33
486
51
-764
-254
843
-842
853
-694
-942
268
569
355
730
623
671
188
-235
-851
-868
-287
-95
-608
-990
-940
-973
256
-536
887
-721
-706
-147
322
346
90
-932
-255
248
921
51
306
-254
-823
-782
-968
357
889
220
-879
595
-91
-609
-944
301
-599
-884
-114
214
-420
-228
50
-568
183
-628
778
-728
-560
-921
77
918
-312
941
-780
-135
-842
-747
-779
604
30
900
198
940
-710
254
-203
-309
-73
240
462
65
-988
-488
497
195
-116
-169
24
-119
-90
-900
-202
598
-960
19
-981
756
272
-760
359
859
697
-887
798
987
-76
-405
-766
852
835
697
-84
404
766
-588
-845
-794
243
179
87
710
-163
885
-135
-123
-540
-116
-367
289
-318
549
148
-622
220
-55
-635
-857
97
-844
552
-511
410
-533
450
175
-564
606
381
236
-216
-533
-54
621
910
811
-945
-631
-749
-755
216
-67
794
-637
-131
13
-135
234
-286
520
-53
-735
-992
-643
-710
458
532
-274
-380
-87
520
-38
-63
-978
-861
-597
833
-806
-670
641
-561
546
-869
791
466
0
-640
-670
791
74
850
-263
-103
415
94
187
-570
-817
470
50
-347
-454
-989
147
-432
-849
551
958
903
881
599
-658
426
730
690
-109
-271
607
-222
-924
-762
-815
-187
135
600
465
879
587
648
-95
-363
858
9
-795
4
577
-644
-446
535
-741
-566
-310
-842
417
977
405
865
-738
11
-357
-662
249
-172
151
941
985
-828
376
572
377
-719
766
234
290
971
-762
-577
-673
-651
515
-857
-659
-796
-699
758
738
263
180
1000
-727
823
-663
80
-793
46
20
-809
-225
-604
320
-848
-766
85
386
81
56
181
504
-60
88
19
83
429
-220
-59
-257
-482
-797
923
-483
-967
745
-588
113
952
15
691
701
790
-914
20
942
878
