257
525
-140
182
-335
-31
69
-762
918
744
-787
232
-201
368
811
-679
959
552
696
-856
-785
-297
22
-650
-753
582
796
-191
4
-390
-449
818
692
411
-1
-644
937
626
-406
411
369
-635
-801
-833
733
-991
-955
691
562
742
393
777
-999
-586
684
-752
997
36
57
-443
203
608
-626
-106
-424
374
-193
-488
-444
-42
924
482
-120
-878
207
-387
690
252
861
251
-450
-190
-416
-448
225
-733
-200
-222
-140
415
-108
-938
-421
266
-44
-288
-804
320
225
-248
835
-295
792
-285
-616
-2
-115
-927
-751
-255
-119
-200
556
465
-91
-663
289
709
-328
-852
-320
564
768
-183
-614
-277
529
-417
600
-690
-108
435
-428
-317
-851
-43
238
34
-413
488
336
26
845
-552
-953
-247
-658
337
-982
-429
42
-744
-866
-190
73
-922
90
-842
-339
-753
-974
110
682
-402
351
388
112
-412
-579
257
633
314
-718
477
763
-671
787
-896
223
806
-767
823
-939
925
-811
-309
-998
279
-594
-780
526
-568
331
-236
-412
-319
-849
700
269
-871
