-974
119
475
-138
156
337
-174
669
923
892
295
-117
246
664
-779
244
196
866
367
-40
-434
617
-375
-893
-11
872
981
766
-839
-278
382
745
399
-587
-837
-889
750
-453
780
672
-562
75
-446
685
-705
-225
-515
492
-803
409
-549
-680
26
-367
-573
572
-495
965
-106
-777
-756
-725
526
200
-312
689
311
-563
-765
90
666
-769
722
-781
473
-983
-449
958
66
-695
-77
74
-375
949
707
-391
78
769
-869
972
993
-625
805
518
575
-508
-237
-558
-513
-444
89
-848
-213
-189
930
-741
-615
-963
774
451
-657
-304
-476
-475
-798
788
135
-163
557
266
-192
549
198
-388
-377
-671
-338
-57
-229
149
56
860
-142
400
-330
-656
659
-388
-618
-11
-938
-718
243
-857
-193
445
932
942
839
488
-236
-354
-407
962
-184
-227
-710
35
273
61
741
-671
-522
-402
729
-295
-500
-55
318
-561
491
380
-279
-267
524
85
735
455
27
573
-501
791
777
92
753
-408
422
600
184
-306
-339
-76
23
139
79
-691
844
579
254
161
-983
-699
-902
-705
35
179
381
-231
-810
965
-658
-311
755
-882
338
64
-733
-241
-336
451
10
-118
-626
591
-980
453
900
421
-411
-290
-861
-837
11
795
-541
603
-27
840
-628
163
804
-286
409
115
-611
-254
737
-344
62
958
664
629
-161
595
219
-584
47
-325
394
193
385
533
357
954
-116
373
556
857
-231
928
-424
-871
-802
985
244
-856
-713
-463
-643
-94
-506
-980
-465
-110
615
754
306
-781
-571
-743
-31
371
347
-675
324
-769
255
-563
-913
-977
-636
-779
-848
-880
-795
-46
822
-950
491
-821
-44
543
757
491
-568
-71
245
296
148
674
553
674
44
-101
557
926
-313
-189
-638
-668
-165
-717
-447
-13
961
-685
941
783
-635
-11
519
322
-469
275
-188
-480
-797
-944
816
-92
287
-75
-418
889
825
-862
371
-932
-494
733
-600
341
-985
-47
886
534
-174
826
316
191
-629
-166
-488
-98
666
-118
-20
427
-505
-205
892
783
721
-527
228
102
-832
-402
170
-325
888
128
573
460
-920
458
-7
-537
-159
866
655
212
-744
724
672
923
-395
-349
-94
101
3
-203
-560
-277
-172
668
382
-447
823
-448
228
710
237
-642
169
317
816
720
338
-787
585
-8
-17
842
-285
-346
764
321
-138
-774
979
865
23
-582
-855
851
643
84
-596
465
193
189
-269
-571
547
457
304
-80
176
-359
-310
-239
633
673
-841
-653
884
480
225
-255
706
203
-833
-272
621
870
-864
-180
-47
-460
-716
-854
286
-428
-425
-610
-971
879
310
-238
-481
1000
80
709
230
239
-944
113
-725
-162
859
981
599
583
-734
219
9
-598
597
962
-58
881
665
785
-990
-760
-826
597
676
41
-642
753
-402
-4
461
828
-766
74
-60
-490
913
-645
-953
68
495
-687
-714
-497
-285
440
-978
214
321
687
-1
-112
484
-270
-516
-283
772
-158
-531
927
838
930
754
630
-439
-750
697
-970
-837
744
98
658
-943
-59
719
-671
-619
741
544
259
-16
-901
-854
-532
-171
-370
185
-843
29
211
-917
-133
-303
394
-947
258
202
750
-155
365
50
943
-421
107
-116
-703
-6
-178
595
-906
-920
-421
-807
784
47
22
-587
789
-263
442
-444
-180
866
253
772
919
-932
-27
225
-87
895
-725
-144
-527
-61
297
-672
933
676
923
-974
756
-499
-781
96
105
-201
509
-550
93
-493
6
470
-627
817
241
849
885
771
74
-203
665
349
210
-862
-713
-937
-977
-780
739
946
804
51
-996
581
-854
-334
937
212
-326
29
720
680
-502
650
53
297
498
-63
67
-429
292
-268
920
-942
-573
765
680
-550
542
418
953
345
-974
514
-75
730
738
-582
-501
-589
447
776
648
503
425
-299
-201
-78
195
866
494
-514
-403
-30
-898
-419
-266
782
-412
-725
-244
-459
621
-661
612
-898
627
349
-922
-875
760
82
901
-35
-416
325
666
383
804
-583
-194
-146
-96
-40
825
-437
542
-442
-656
-871
-166
100
-773
-989
440
840
671
66
188
306
-252
-495
-612
-795
470
-28
87
-308
913
-110
109
-282
745
570
678
569
-868
-224
684
-967
-94
-926
134
133
643
-870
-471
314
-247
275
-824
501
780
-436
706
-194
537
-208
55
6
239
-837
724
-17
291
-42
-892
-20
735
793
14
-803
867
-853
-113
510
835
417
-620
-413
-309
-444
645
-973
121
350
-167
-786
699
888
220
-63
608
-500
921
-102
15
-972
436
-694
378
-551
-497
245
-847
391
-689
988
-636
-309
-869
55
-196
776
-361
482
-318
472
253
-620
-84
-528
-126
-920
-471
-649
-464
545
938
972
851
315
-580
912
-884
-427
-141
-573
-883
223
-325
-752
835
480
-977
-527
-482
-738
502
772
-358
975
801
516
-946
-670
425
-410
432
362
-439
-161
-324
-19
-250
-207
111
609
-223
228
-612
453
476
-778
-511
56
-748
7
318
754
-665
517
285
-864
-410
340
-977
-986
930
12
376
-952
851
609
-414
-842
959
698
324
-264
-518
713
-812
516
935
-323
-429
745
241
447
498
577
-480
-660
270
110
680
293
-319
166
-696
614
214
712
223
358
870
-262
55
194
474
537
-537
219
52
955
453
181
699
-306
-816
-246
828
-296
94
97
372
-227
947
610
496
808
224
-733
519
-997
625
-54
-259
-321
697
-785
773
-841
434
-618
-887
-113
120
370
138
304
-877
-35
565
217
619
-507
547
565
-897
-401
372
327
-134
-553
330
-510
393
-930
169
-354
843
-501
-195
-166
-119
-524
278
-1000
403
-585
-139
526
-63
983
-701
-445
-524
403
-881
-421
-999
48
906
-132
495
-208
358
-555
-581
-916
91
-738
-417
897
96
21
930
931
-422
332
-655
439
-586
-161
421
-287
394
454
-885
70
-968
-884
675
495
-459
169
-714
900
614
-294
984
-295
-475
-877
-842
178
-299
645
108
279
-467
10
-726
-53
849
252
217
242
-294
332
869
-262
5
543
791
547
-289
-924
3
883
-661
-457
-413
-136
-334
-698
-959
367
947
-294
-798
-521
716
-524
-17
564
285
-801
-638
991
531
-770
-714
-908
330
-924
196
-959
710
-802
481
-951
-702
-933
-530
-36
927
-931
888
873
-225
647
909
-952
680
-109
612
-35
90
532
-488
-823
762
-645
827
92
989
23
-310
699
-222
-830
305
77
795
775
598
721
844
43
150
-824
-311
58
-776
-631
506
393
-109
-405
-76
403
-671
-314
316
-845
335
304
178
582
-441
514
309
864
-410
103
639
745
-620
39
-213
87
215
477
-856
-4
403
207
-611
851
802
313
-190
688
556
-875
843
-553
-13
21
-972
546
-909
-106
410
-319
554
-395
-575
934
644
-230
20
-584
804
-279
412
206
928
358
-387
286
-329
423
-27
784
106
-627
-769
-908
-49
817
638
42
-289
47
723
-736
652
705
756
-147
-526
-668
-174
-723
54
795
40
-462
153
210
382
381
-367
912
-279
739
-716
-48
831
235
-674
25
834
-406
-928
556
-585
281
-182
-830
691
-151
-497
-927
-316
114
869
281
209
-422
-509
-853
516
124
617
-764
-581
458
189
807
-307
72
-169
-474
666
-540
640
-920
299
-986
809
-454
-580
869
-380
104
-18
-955
-615
748
-377
-124
453
-862
557
69
-626
533
-474
120
339
-224
749
727
-140
414
745
-501
52
43
-930
-583
146
-510
-715
766
152
-176
811
537
-429
991
970
-977
686
83
-351
-940
-385
176
-263
511
952
-514
237
-189
457
-462
-133
-935
138
-506
-518
-716
-15
-676
607
-864
148
-25
230
277
-35
-244
-143
-349
839
507
-732
-547
-761
-438
521
-810
-395
-686
-441
620
-147
-17
685
991
478
725
-726
-981
-952
882
713
197
-144
-501
-527
378
255
-113
586
93
-607
411
103
-368
974
-377
-620
-422
-63
-504
-803
347
36
440
338
-930
164
169
-911
-231
50
359
523
463
858
553
-602
112
-560
984
762
-167
395
-579
23
368
-399
403
503
539
456
258
-558
-509
-303
780
-438
418
-51
-349
744
556
568
267
-424
425
-181
-26
-906
-184
-43
413
650
909
835
-771
-167
993
632
-664
531
-356
151
531
135
848
310
697
-178
816
906
-878
372
473
389
505
-546
766
-522
-895
-419
-8
76
788
-542
-533
-984
291
-541
205
184
548
849
-666
78
-459
739
-613
-763
-440
-797
-858
-317
132
172
629
-364
627
-49
-329
289
533
220
-636
-123
678
-169
-549
-31
291
213
-848
-162
-381
-956
916
160
783
860
-46
901
620
97
-860
-249
826
769
-56
452
-280
172
-702
810
-608
-338
-757
627
51
-749
-848
-659
465
-695
-264
641
907
-349
-200
689
-933
311
589
688
-593
729
996
-767
55
-503
242
775
669
540
141
618
760
-59
245
-190
193
397
-292
-786
259
444
855
-278
652
-789
-589
719
522
1000
-37
487
729
-41
277
-217
13
-482
-886
-319
616
-188
857
-68
753
-342
742
-498
612
-994
-284
-572
450
-430
150
101
-662
561
-624
861
561
-103
347
-154
856
-377
186
-575
-302
-143
106
871
226
-481
-198
-465
177
-900
38
-211
-894
754
217
113
882
924
771
-781
485
-853
637
-398
44
-460
5
-544
-280
748
-119
419
-396
544
-154
387
621
649
922
-203
306
-41
143
-30
-730
917
-918
-849
841
854
928
325
558
565
927
-842
662
-512
-386
-618
-765
52
801
-161
-848
-797
783
773
852
704
-873
-285
-780
270
685
-510
187
324
-802
-416
177
683
909
-709
-196
392
-551
-534
880
-380
-152
672
229
-795
-933
382
-592
850
-289
818
553
-605
-468
330
223
774
377
967
97
575
-450
832
-185
-985
-878
619
407
-428
642
-157
-251
-511
-486
979
-749
-862
-83
-340
988
628
-966
97
581
-877
-573
-197
897
804
-231
-450
-64
319
939
751
334
-939
-74
-703
-810
-432
-303
-61
-386
-232
-526
-134
-94
391
526
-107
-424
560
990
-844
683
974
-41
136
778
728
243
-287
-397
182
-980
937
243
-54
791
-10
71
-513
486
686
255
961
-449
-840
-92
634
-390
484
-250
-844
640
990
-870
-845
125
908
440
925
-823
-958
106
755
536
906
-300
326
-105
329
370
939
14
-376
899
565
-659
-637
-245
-492
848
505
-335
44
494
-205
-243
-825
-741
-804
-901
994
797
206
748
-111
111
-996
-785
564
333
142
502
-654
324
-43
468
222
320
-778
731
-276
284
953
769
-223
-696
-475
-491
-437
-722
-391
-887
-926
372
418
-479
-961
422
-264
603
-688
435
-339
-785
-242
175
684
981
-505
463
268
-224
-253
220
-899
81
524
-817
591
644
-538
-801
757
-907
571
-269
-386
167
-848
