787
-369
318
-702
667
-268
546
522
875
-314
638
516
743
-658
-801
-521
212
-651
519
906
151
-132
6
298
-595
-88
-729
-940
-601
-554
-375
744
-365
500
-959
859
-768
587
380
-894
831
18
179
573
-83
379
609
686
728
127
591
-565
553
-846
733
958
-377
561
575
23
565
-801
-677
-801
256
922
-943
488
508
-5
152
-105
570
888
-533
-514
266
-924
-828
-450
203
320
-14
-688
474
-725
-731
-903
394
844
-323
-42
600
0
-286
-587
-522
-229
458
543
766
-391
-562
-108
-946
-95
379
-123
-19
108
428
742
-573
971
-947
459
803
881
556
196
281
790
711
-119
-654
-576
294
-176
196
-692
-634
-482
-82
-196
-32
-471
267
-654
406
-753
454
-167
546
438
-640
600
-104
-837
37
-992
-84
-683
355
-373
198
701
-392
-952
-476
361
-643
-552
437
-168
-191
-596
361
-925
-693
-677
881
318
157
426
-245
74
-418
209
-206
619
-226
711
937
-871
895
-309
830
-498
-703
912
421
-789
917
-143
-400
-275
261
518
-199
568
841
-319
-115
-446
664
197
629
-754
-595
-578
865
180
690
358
-134
141
-951
-305
201
904
-837
-379
-886
-921
478
-286
-195
-705
-769
163
863
-929
844
-696
-817
507
501
812
310
464
791
-268
-800
481
-911
66
-379
696
318
822
599
482
1000
713
561
477
-574
923
772
-786
85
191
844
-515
495
-974
550
-447
395
-141
-984
185
591
-784
-778
681
282
-599
376
-844
780
-25
638
780
-756
-244
256
-772
-765
-415
-558
321
776
843
806
-172
869
355
381
263
