-443
327
767
481
-974
99
-257
872
438
184
989
406
-506
367
-196
-213
678
-846
998
-370
494
619
-243
-317
-345
-617
-296
466
-676
967
-389
-118
-150
-623
920
-124
34
-338
-695
-972
846
-707
434
897
217
795
-760
-106
949
-763
524
-1
413
839
240
-932
-779
944
91
-898
467
703
-459
874
637
-540
-694
-773
123
-389
-745
-475
-539
246
-578
679
40
-781
-428
-11
-986
654
988
427
49
227
52
270
-273
-857
-71
751
403
471
624
-404
931
931
-176
-390
-459
-364
136
-440
883
115
-762
-78
334
-633
468
348
-980
456
-668
-374
-761
-59
453
-33
84
-618
-726
-957
853
899
-360
340
386
21
951
927
657
-357
-957
539
315
-719
-982
-352
-794
486
554
784
-502
443
-590
-262
-617
863
262
468
-756
536
68
654
434
708
-449
-181
-272
-942
-697
943
-299
904
38
573
743
56
778
949
-901
331
732
-403
-227
699
335
157
562
-847
-819
363
690
249
-426
-320
-486
125
57
-201
183
360
-259
441
-180
780
13
-438
-608
-210
-490
-509
679
-758
-354
-549
941
981
165
59
692
-97
980
381
710
-447
-940
781
678
117
-421
-583
-967
-122
858
-146
-343
-573
416
-394
217
484
98
-548
726
744
-96
223
281
626
840
-28
-914
819
910
796
929
528
576
163
-356
712
580
-765
-411
-6
89
246
-22
-939
410
-806
545
-936
-353
-173
808
108
608
-355
-710
447
175
-624
-178
-359
729
-250
-832
-139
470
-187
-427
49
-395
162
600
251
966
-423
312
375
-672
-586
439
-468
241
-197
640
-595
448
488
852
-821
421
-770
-179
150
-463
-454
-990
-994
359
-417
-388
521
746
-789
-229
268
-212
-917
-358
-326
-946
-920
206
295
-117
-597
701
888
891
109
625
311
-103
-998
-983
434
-452
-972
441
465
-832
-948
-15
471
822
757
-262
-834
397
380
-160
451
17
-954
-255
457
-551
-998
345
897
-331
-474
-236
566
-472
-218
-1
76
-633
997
-903
-465
607
83
564
428
-161
-699
594
-765
239
-566
243
-745
-963
545
713
-957
548
-386
940
-784
-303
-297
339
225
42
895
858
409
892
956
945
498
-405
508
-518
434
366
633
226
-396
624
-532
-583
661
-988
687
704
117
858
200
-110
-446
461
-772
336
-498
681
193
912
572
-295
413
-374
300
-523
-335
-710
843
-703
73
-996
922
541
-579
582
111
665
-157
785
522
600
-325
-925
60
-540
411
563
-860
-840
31
269
-134
-557
452
723
-80
-884
-987
-681
-586
86
-677
893
-816
-699
31
-148
523
874
-364
44
31
311
119
-910
329
-914
210
469
-753
-760
-705
-330
-317
747
-608
160
864
963
480
835
49
360
727
-210
219
-243
642
-259
-812
-723
786
219
146
-539
309
-526
-452
-481
500
-648
-684
795
22
0
99
-29
-841
-38
-66
196
-647
540
-887
-921
-671
332
-607
971
-928
-419
-753
415
800
393
877
-334
424
982
-258
-76
891
58
-725
-531
-943
374
440
775
893
-627
-473
-755
470
-360
882
799
972
-725
769
602
-144
574
-427
-787
-477
-994
-121
948
988
621
-572
435
-765
-740
904
-707
635
344
625
84
274
709
330
-256
-651
-232
-458
878
43
869
36
900
442
610
670
965
616
-452
469
161
726
897
-405
518
-843
-501
811
349
400
-8
990
-327
-299
-124
-26
-393
645
74
-516
-313
-58
521
-857
-617
-313
813
905
860
918
374
20
200
270
173
-282
-16
229
-915
890
-372
-365
880
-142
336
-245
390
500
-601
-537
984
-356
405
61
-213
345
305
-843
249
165
-926
-378
742
-168
450
-86
107
991
-858
192
438
-673
384
317
-257
-724
629
690
776
-972
-848
317
-328
557
-623
16
-542
240
173
707
-596
-195
887
-855
637
-107
60
-257
-560
-241
492
878
-356
-124
-249
-56
152
-620
-367
-515
-592
-215
802
-363
899
736
653
914
-25
-617
177
379
188
63
82
-619
513
699
-319
511
-986
730
388
-342
-395
-861
159
315
-924
792
800
-959
-867
601
-322
589
336
888
59
869
-730
-764
-196
15
-144
886
396
-631
584
634
437
599
364
-176
814
526
-480
-470
-160
-404
879
-804
-363
570
354
-128
158
-753
-683
-783
-885
-856
-990
-81
160
-134
-195
-888
-208
946
747
-772
101
110
53
-528
-365
130
2
33
284
-120
229
478
-551
-860
-650
165
-613
-333
-61
-498
-189
-51
421
528
815
783
641
-393
286
-56
-165
-614
611
445
-142
803
-868
860
-165
416
-703
622
-107
-254
762
-200
468
-852
24
-594
-793
393
355
185
-80
-273
-32
-883
-109
-747
61
726
-804
-772
-272
55
-969
-140
-529
-134
833
-232
-956
-718
72
806
-360
-461
511
664
-497
718
-387
415
-97
534
-859
428
208
32
238
827
-685
434
-946
-400
-955
-915
17
-926
-48
-151
-158
-447
-312
471
-641
328
568
427
-8
-930
-298
605
485
605
-305
627
-411
904
-785
827
287
-913
-183
341
-313
-580
427
704
-506
936
-891
-107
-512
-202
-636
-596
-875
932
832
-326
-999
-467
837
486
695
-912
-331
841
992
-558
667
278
-471
-960
-824
217
-540
603
-523
-489
538
-413
405
-975
385
769
988
67
257
819
742
-185
909
135
858
160
223
-916
0
-228
-474
-777
607
55
821
783
829
-719
385
-694
-208
-521
-550
754
-495
392
79
-951
-542
-665
425
757
-293
333
-109
-435
-951
672
-351
-394
-557
175
-171
-951
787
-351
833
616
-513
-226
479
-163
254
929
-410
316
320
670
365
335
562
-211
92
-731
679
540
-609
728
211
40
-667
654
772
-281
261
558
368
93
173
413
867
-349
-751
120
-864
-604
993
456
623
357
-209
-258
-855
440
11
824
-21
402
108
748
999
-2
401
770
717
-339
327
-358
311
-943
-946
-265
-735
861
412
-598
814
405
415
437
-239
-795
736
-536
202
-254
-713
739
705
-47
486
260
951
-557
29
668
105
913
-691
973
970
921
-293
793
338
-881
-806
151
524
609
-856
842
372
880
-695
-870
-818
-850
869
444
103
354
-297
53
798
289
-723
-541
202
-857
-569
-272
-937
139
-480
401
-185
-729
-891
896
881
-747
737
-191
-867
600
-61
873
750
-192
317
-591
-839
-981
19
516
309
297
975
-933
440
-594
-205
61
102
-127
-982
917
144
-873
369
-419
939
105
390
629
-296
887
501
-990
-306
-183
-581
-588
-163
439
929
703
-265
460
770
732
423
-436
-651
-476
437
-632
998
-862
-948
366
-281
991
-972
-891
619
-268
553
120
-257
-754
937
-281
-785
-670
-843
701
-968
-108
161
802
-819
-860
924
-470
-335
-83
-545
-781
-388
-492
143
332
-945
171
-2
675
460
-450
-649
760
-647
845
-521
-432
733
-364
827
765
86
-456
124
-176
-316
-396
-89
-94
78
367
-317
691
432
826
22
487
-447
577
-282
-988
-874
69
330
-964
-529
366
-396
-797
559
988
525
-799
-469
-795
25
216
-191
937
679
888
-140
-639
135
-709
-814
714
778
-261
290
-504
-691
-27
122
196
9
593
-439
170
796
-881
158
-122
-679
689
83
-97
-539
893
-604
-860
337
-187
-499
-972
104
-755
742
-561
-459
31
-65
-150
561
614
603
-431
207
-837
739
-441
841
-104
437
719
-858
-480
-379
-397
970
-425
-700
306
388
-198
-109
-508
-396
-368
-512
145
220
423
553
-220
36
155
349
800
-124
87
-641
-284
541
353
-566
683
873
-388
-715
399
-256
-414
-296
-868
-55
152
-819
106
784
-331
-750
3
649
360
783
-759
-928
-312
599
-52
333
515
221
-127
-133
212
-445
-703
824
-603
696
-875
-460
958
-743
42
109
996
-853
-107
-779
956
453
427
-128
-207
668
-56
481
266
449
-187
-663
-331
686
205
881
798
502
262
-805
-246
387
-708
-289
201
335
821
-247
39
-730
-26
-449
723
-600
424
-928
625
925
554
-552
374
-634
-215
-958
610
547
481
407
48
-258
159
360
686
9
-930
-557
-657
448
196
-61
275
727
491
-445
684
-529
-373
308
-605
-820
313
769
-896
656
369
714
202
-151
-323
808
591
394
167
-167
-598
237
276
-698
-758
-529
241
517
755
-712
-929
438
-241
-301
-698
-288
-564
616
-520
-460
271
849
811
-528
-303
-955
-721
845
439
3
-766
398
798
510
700
-961
538
-503
113
-151
-657
185
-714
-341
441
-411
371
434
-796
409
975
32
-186
342
504
69
-56
341
-530
-618
901
-295
337
698
772
-407
737
-133
91
-150
716
-9
592
-998
650
-411
-852
-422
-978
-648
544
554
-59
-643
-547
-999
426
397
342
897
337
243
-842
-327
-503
930
-176
-766
-647
472
-359
-931
-538
790
629
669
936
777
804
515
-872
347
69
-374
705
79
-373
-313
-525
527
-860
369
-674
-702
600
-177
786
-577
-386
-862
895
255
-793
-644
-399
836
582
-907
612
386
609
297
-268
-766
923
994
313
-450
-319
345
-924
-179
-286
-598
-323
-687
-218
-538
-264
397
-400
-370
-349
-635
-457
-190
-800
-876
-97
370
67
-489
-334
800
-698
-854
350
615
-747
-970
-40
887
-591
231
846
86
544
-373
105
837
-977
705
-977
-768
627
-877
42
828
-753
502
-246
-128
571
-23
-329
873
123
578
45
-67
609
562
-181
575
-208
-336
-783
893
292
322
729
315
-417
309
104
-790
432
703
-963
236
205
-652
-893
-225
325
-665
-796
-995
914
249
-62
79
-190
315
-790
159
979
-573
51
-173
749
-664
700
-669
645
-197
-459
-367
-494
-865
427
268
-517
91
600
366
427
804
371
-103
-390
866
533
420
180
743
-864
-284
-831
187
543
918
81
-201
806
-718
603
-653
-84
666
-961
900
-67
-477
-10
-468
446
974
893
-627
-130
-498
-762
960
480
-24
702
616
692
871
-641
-209
345
440
591
151
723
-250
55
-805
-585
94
-906
-95
174
84
-6
-381
58
-114
-8
485
389
231
445
-132
764
146
-517
455
-426
-158
803
476
840
393
-374
562
700
681
757
-886
-668
408
-424
506
-509
570
-875
106
-544
117
-409
845
905
593
-731
668
-262
-691
-321
-131
-292
-518
-655
-453
432
-472
666
132
-791
422
-197
-902
-614
380
604
-565
-494
729
541
-38
-597
689
-637
865
281
-811
533
577
-502
769
-555
207
808
-653
311
240
-124
-23
-629
-358
956
-269
-260
-658
-890
-657
-223
-383
630
875
136
590
564
500
454
-156
246
-457
978
745
-688
981
-492
-881
-673
819
-84
203
-648
-156
402
866
576
-859
-793
243
-958
-459
860
229
-585
-447
-182
536
610
-729
938
-145
-185
915
-401
-316
895
-336
-640
780
-960
277
-461
-608
-880
942
-743
696
640
-979
-61
239
-881
-645
-533
-465
-535
285
628
-926
114
565
-70
486
37
86
-831
-69
308
-471
-733
348
363
-193
740
41
-695
555
-707
945
133
232
184
253
145
208
345
167
-950
-28
242
164
-463
729
-351
574
-629
-182
-939
679
-96
-671
26
825
136
-677
-135
-2
435
158
-58
-433
948
683
820
-351
-109
164
816
-59
-864
57
662
-770
-658
-690
361
-286
-315
422
950
146
308
-467
-30
-1000
-144
835
-2
848
-450
498
-586
-503
180
-766
146
628
-45
-39
-875
-352
576
787
-122
475
654
-762
-812
-662
218
696
42
-475
-772
-989
-917
84
404
81
-69
954
-422
-98
-993
759
-307
-290
-57
649
228
69
-704
-640
-588
-268
836
-934
-30
-977
962
745
719
3
-730
504
-428
-647
-413
976
-9
75
486
570
978
50
-115
-330
760
385
876
-13
-547
-828
348
-134
-539
183
-511
431
-237
-550
-267
-961
11
3
543
583
-87
688
115
461
-681
-400
-413
854
207
472
-919
-34
-143
957
510
-133
686
-586
290
-854
154
779
135
475
787
868
71
-646
-573
-387
937
-103
858
51
-643
735
208
-55
588
972
974
669
-63
-613
183
-997
255
-132
-582
-456
-428
572
881
264
46
224
131
-884
578
115
-713
71
-989
702
679
926
436
-557
-573
24
-586
-599
-751
351
-212
432
354
600
858
329
702
987
-99
139
250
504
-638
-620
621
497
495
465
-433
63
166
-755
-12
-841
-312
416
-260
102
374
-11
-991
719
979
-80
319
393
-751
20
379
-293
716
-372
-790
-923
-435
388
131
617
-148
698
-321
576
500
224
735
-813
-804
-969
-154
127
20
-145
-154
-445
332
722
948
581
-259
-117
845
-544
511
-945
-910
633
0
221
249
853
-525
485
-15
975
-734
-724
-839
-981
-693
-436
147
-116
-24
993
440
-693
714
-56
446
-989
828
290
-976
-105
345
672
-472
-655
-551
334
755
-76
-624
-704
-102
-358
-428
-384
-339
-564
180
365
320
-845
-86
-241
-981
-816
704
465
-805
531
-245
777
-575
657
448
-490
559
454
845
-130
-623
-780
166
-168
-581
295
448
-363
731
-816
-998
51
897
-84
810
917
-342
70
-62
-147
-843
693
-813
-860
-93
192
-350
-535
-354
-949
-107
23
-729
-942
413
-753
354
-140
-115
84
-398
-556
-866
-502
-83
502
972
575
-872
-90
986
-714
-841
-828
-574
-377
364
76
-354
567
128
539
-853
-44
597
560
204
-493
977
646
592
-422
-911
283
-366
6
-659
-838
-862
-530
72
-877
-244
-211
-705
182
412
216
815
-943
-660
-501
596
-513
456
-250
-954
-784
257
580
862
-595
-842
508
246
-651
-930
587
-489
-792
-944
584
-669
-631
930
-817
108
-102
-43
-520
-487
297
-21
666
784
992
-585
387
-793
230
-34
626
192
-319
133
-563
30
204
-976
542
412
638
-318
301
565
-832
484
-328
66
-560
-291
579
737
689
245
77
680
217
-537
888
-997
-13
513
196
668
-797
633
-302
407
214
797
-625
-591
-522
676
974
-354
-283
-798
269
157
-88
-152
-549
-843
650
528
837
-577
549
281
-573
-465
-649
180
760
-446
-188
-986
518
584
368
893
993
403
126
523
-952
843
282
-125
-444
-807
280
7
-650
-514
-908
745
-91
198
25
-107
290
-67
630
49
487
1000
-379
-439
583
989
-989
132
392
137
-346
-3
-21
936
872
92
687
-292
657
594
194
749
338
661
-497
921
-447
793
-147
-817
-602
898
-818
-424
-985
322
-435
-974
-547
514
163
-336
-933
699
-844
497
-209
400
-796
-996
-6
399
753
889
59
813
366
169
162
777
-91
560
231
-352
694
246
970
816
273
980
329
-565
-357
396
692
-643
-108
-961
757
-346
-957
-693
-948
353
754
-332
165
-324
394
-674
-548
-697
443
683
-49
136
-71
-522
-49
-799
-543
837
-807
-342
-210
442
-428
682
481
886
893
81
-807
502
-567
504
-831
155
-821
564
38
-811
424
-519
872
-626
174
-643
-591
-875
-885
-576
962
867
82
-692
308
211
991
-654
96
440
427
-154
-58
861
-651
111
-428
-914
-769
611
-725
655
-909
-854
587
-178
-496
996
-53
-824
-581
-534
-958
58
-226
351
-732
-679
697
-78
762
-320
768
-740
-903
675
371
-330
761
160
-720
-965
-186
929
739
958
-250
800
954
255
977
930
278
-982
-455
-949
-74
-630
931
-378
292
249
-140
60
509
-43
-266
-564
627
-949
596
464
644
968
392
382
925
700
-261
435
-46
-728
-78
-769
-710
24
840
-226
394
327
-47
-757
-868
813
303
198
-230
594
635
-604
202
-213
418
-155
-689
-634
784
-764
-935
-478
228
-424
-206
707
-636
-358
-270
762
416
682
88
926
925
-222
739
-216
976
-492
935
610
-539
136
955
879
981
-735
-755
321
-942
868
401
287
-556
-806
-450
-635
-607
281
-874
366
-38
-228
292
-557
550
30
227
525
95
161
-308
113
854
-354
-8
391
-89
-206
-289
-30
-782
-889
814
-338
864
921
-415
814
201
-289
180
720
483
-972
720
-411
-385
-54
-886
267
664
-194
-621
517
9
-72
-93
477
279
176
-997
498
-156
374
717
-293
295
-699
-479
-948
13
258
773
-948
-157
492
-358
458
996
-687
-719
659
-324
-340
-267
685
589
197
161
-133
-628
-278
