627
-323
55
99
-830
-425
228
278
-732
559
-258
340
17
38
-297
941
742
653
-804
-393
-991
-947
-555
68
857
-446
919
-15
-86
95
-610
-903
772
445
-246
499
577
982
-223
402
540
519
-258
-444
-887
2
-947
413
-346
807
-981
-780
418
-536
288
274
-425
206
816
490
858
764
587
186
-235
-660
-315
900
880
19
301
419
-463
-958
533
-350
-399
143
-938
-188
-50
639
32
-633
661
877
198
-765
-360
-429
282
-503
-666
-574
684
-344
-234
926
-445
-798
-56
857
179
38
456
-289
245
-943
411
-135
-131
-640
-497
459
-716
721
335
483
514
532
-947
-205
587
945
221
270
-400
545
-248
156
747
696
-431
-75
-267
-976
193
978
639
-396
-158
-492
-479
-97
524
-194
-377
-585
846
-864
948
456
-511
534
400
710
-640
557
-189
112
-731
-885
-636
-605
40
97
-580
791
-369
616
952
31
-877
-971
934
647
-608
-887
620
-763
808
567
693
854
100
-351
120
17
764
932
-872
-968
-954
-508
-572
-357
146
-595
991
334
-980
499
-636
702
529
855
-95
921
526
-476
-842
-110
-910
408
-257
-253
-943
863
764
378
351
449
410
397
498
395
598
-357
357
588
535
-65
87
899
-364
-828
311
98
-908
-164
623
808
283
270
-227
-975
575
-613
445
-105
765
-204
-656
-269
750
842
-874
-96
-958
40
-508
577
975
136
32
-390
-135
900
709
-43
-265
-112
-678
575
-843
95
157
289
482
-398
-816
-197
-45
-472
534
-739
927
217
166
526
-743
215
-341
-769
908
249
-601
-228
148
665
286
441
-448
608
15
-734
-741
-828
556
298
-669
740
-900
-157
825
192
-339
308
-592
384
-166
-335
-402
50
-546
-938
-702
-147
-609
447
-926
678
-113
-817
-158
459
-551
-341
631
562
957
519
301
615
-639
-318
-194
23
991
-229
-594
-619
437
-438
431
448
-819
730
858
-427
176
932
-750
620
-886
-351
78
-880
308
-291
683
-178
785
-460
-564
-854
-220
-201
-274
-230
570
132
151
-437
251
-419
568
433
868
425
-995
43
-87
813
-781
-416
-539
298
-295
327
