-49
-902
52
-213
276
389
-753
-304
-208
395
350
-18
-654
238
558
-652
530
879
927
264
-370
-285
247
-414
-988
41
832
-589
535
639
-237
-515
737
372
272
-431
-240
519
-178
110
-87
-829
-909
-184
-34
206
165
-505
84
91
759
272
807
5
415
376
604
246
344
138
-559
664
181
-823
35
-548
-697
353
529
125
-538
999
-147
-890
-185
820
316
980
-686
958
-373
631
-214
991
-808
-800
366
796
3
-734
-509
444
930
672
178
-478
681
38
875
209
720
-664
-235
-428
-997
580
949
319
116
821
-167
743
451
619
734
643
376
-344
-4
-622
-520
487
379
967
158
-887
-512
-162
151
-638
605
-573
-745
-631
0
-742
506
-495
135
-379
-675
968
-637
776
587
654
-24
-38
868
972
-102
-653
458
834
-687
-828
948
-641
-433
-345
-279
729
83
-23
-903
640
235
603
-856
-631
-777
-973
895
-856
803
481
355
-665
1000
222
-694
-546
126
321
-712
-3
50
793
356
618
-996
-924
346
-356
-390
1
841
846
-840
986
772
942
570
666
-915
372
-297
440
265
-740
-781
571
-286
345
-551
2
-659
499
-649
697
-327
-644
331
-981
0
941
-423
-159
343
-263
-617
-328
-322
953
895
-237
-119
-402
761
-855
-585
980
274
129
-119
280
-869
223
-222
-518
-524
9
-605
364
28
396
-138
162
794
-796
899
-824
-567
-423
686
-672
-103
-434
-517
-343
-731
-102
-807
543
-974
75
-621
715
855
157
755
888
723
-851
-191
-250
545
671
912
-105
432
368
71
866
945
-244
751
-602
-120
-767
-387
149
-312
-194
-752
-729
438
-373
544
-151
341
298
-706
64
447
103
371
-451
-227
-160
444
-796
-793
-928
-931
709
-615
377
-894
265
167
-281
-587
855
83
-339
684
-923
-155
227
-516
-814
-919
-222
250
528
881
-823
634
-790
17
-365
-586
224
-293
-959
-511
92
418
-404
-643
-415
-128
-673
997
512
-454
237
147
391
-537
631
134
-456
966
-617
630
403
-439
-180
613
135
455
584
-641
719
182
-152
-632
-400
1
-275
-258
431
-391
-705
-58
155
533
-912
-897
553
276
237
-903
241
178
284
-800
296
-897
813
-570
116
-46
-211
-609
-865
195
-241
-708
753
41
34
183
651
330
-875
-638
-581
771
-978
972
47
260
626
845
995
-91
-955
290
-430
415
720
243
-632
-934
634
-496
-182
-607
-204
-430
434
388
754
-359
-726
436
4
-307
206
-417
-779
810
843
848
212
837
-687
-186
-317
-117
-772
-597
-875
-846
-974
317
-785
-156
710
-432
-29
-300
956
-276
342
787
717
903
-964
-520
-515
-742
-711
886
-895
58
279
-582
872
963
-141
658
923
-459
369
949
858
584
-651
124
-849
320
382
665
602
-277
8
-125
-818
45
355
-776
-140
202
-891
-35
-741
389
-60
689
-92
356
-97
-170
898
-729
-665
312
412
-759
994
120
118
375
-659
-724
655
350
152
837
952
-494
-940
-189
265
728
333
525
-327
-728
-230
581
186
230
968
83
58
860
952
-531
-900
945
146
-225
-124
488
52
-470
-606
-797
924
-655
-734
542
-287
532
269
-955
-387
942
875
-60
79
60
-831
46
700
227
-95
209
253
-438
-290
956
337
587
443
946
674
394
706
155
296
973
-304
-992
61
522
611
231
20
486
-830
656
-898
897
-299
360
123
163
-432
933
282
278
888
-382
-579
-112
-879
653
839
827
-193
135
356
60
-300
-584
-862
-689
204
-285
354
374
-630
456
270
-372
-185
950
791
-60
439
72
-782
327
247
-804
772
368
849
610
-248
-788
-256
-893
272
2
-476
-33
313
728
682
-334
-341
-949
679
486
-764
-949
-7
-974
-9
-569
-345
-234
315
460
-37
86
-616
-632
-747
136
-419
-446
244
410
556
325
-623
-575
-391
616
-352
268
225
-673
-689
461
936
304
45
-74
292
700
693
-393
-284
-788
250
101
-420
503
-764
161
-943
37
-429
170
-639
-495
596
-29
-880
-757
796
-98
-873
664
-637
-938
-33
408
-11
-741
-336
-762
-577
381
-550
673
-519
30
-267
-726
749
-210
312
877
960
230
-619
112
758
-942
356
554
-39
40
-226
-119
103
742
846
649
558
-491
887
981
447
-664
210
485
-77
943
760
-329
-711
-372
-453
807
858
-515
-82
173
-456
831
-274
62
-129
57
943
531
-202
788
179
913
854
65
450
301
401
-783
-215
-677
-841
-899
-448
-994
-271
99
370
-856
585
845
317
686
676
600
-696
-897
-344
-754
634
12
591
-631
-76
1
434
932
-699
-609
-852
-356
-729
865
-255
-177
871
32
480
-203
-267
-379
-358
607
-694
875
206
-390
535
419
-587
-275
988
561
94
-88
-439
-473
-600
-580
-82
-452
-379
-254
-588
-77
570
841
955
-394
-806
-756
227
-164
851
533
-733
-387
700
802
-968
-888
-474
-981
230
620
-512
791
704
-112
768
-822
-7
-612
-75
-37
312
-949
-640
-177
-343
-446
68
884
-52
-82
-27
215
532
-328
17
121
-659
100
140
571
-280
186
-82
-577
631
-757
-398
-376
-812
84
144
500
135
504
881
792
615
-52
675
-438
423
-796
778
-489
-124
-649
632
-226
451
-671
902
728
515
-624
-849
-298
-824
-690
326
-635
394
-531
865
-472
530
745
877
145
-751
108
707
673
312
41
-817
745
392
373
-925
-600
702
977
-873
-227
910
-722
475
-914
-855
-642
-549
96
-616
873
181
915
175
57
-384
424
-836
880
-347
33
-79
-606
-223
-688
767
-591
-288
25
-615
-160
798
853
-325
-171
939
-622
-256
947
31
129
819
-788
-400
-7
-174
216
975
-9
95
-373
581
573
21
916
443
-656
-676
-846
369
-733
-449
-277
-881
-216
553
615
-281
854
118
750
-18
-64
962
139
487
-212
-646
18
336
7
645
-527
-421
-334
-612
-979
10
-287
734
937
-463
842
-341
-787
-818
769
828
-99
623
-498
-792
-839
438
727
301
-519
-929
655
499
-36
-782
-299
438
-645
-76
383
-624
934
653
667
427
-811
66
-914
-598
248
412
787
707
34
-712
915
-247
284
198
-947
322
270
265
-179
-767
484
79
228
839
-998
-389
772
493
-737
-4
-80
-990
-939
-437
-588
-134
975
757
-428
-434
-956
-957
319
328
242
372
-350
-932
-364
28
859
677
-894
87
72
666
255
-599
158
75
397
-923
85
15
-803
55
881
-828
-189
-547
-705
-145
-947
614
741
295
-458
948
-80
-265
-25
-221
-588
-362
423
484
-697
-323
442
18
309
-162
-347
-606
410
-150
6
291
22
817
301
-126
-772
354
-513
969
-794
29
473
126
322
-996
462
734
-358
-116
-226
-498
118
-784
78
-573
-389
731
-622
-979
-420
384
-131
160
-243
727
-967
-15
-363
-922
-489
-157
-336
984
527
986
546
-455
719
745
430
-950
805
-896
824
-118
-912
-566
-388
-534
-988
-251
407
-562
909
721
-836
500
-737
-198
578
-669
202
799
872
-715
785
417
-169
60
162
818
110
-34
922
-67
848
568
-75
-984
-967
-506
-235
-2
-67
-769
-725
-346
288
-462
13
-135
-131
-785
-780
-259
-943
-996
-843
-555
-378
319
-738
732
842
742
-778
689
309
147
705
-101
198
-973
454
-870
-742
730
-215
546
-733
798
968
-306
570
745
435
185
750
149
630
-629
-975
450
660
867
-252
439
113
614
-858
-626
-488
341
-599
524
471
-784
253
813
319
77
611
-157
771
-263
-412
-238
922
895
469
552
823
494
1
482
-83
306
-522
-971
-81
-380
962
431
518
-638
-46
-11
-864
764
-642
455
-159
969
-702
-832
-737
-114
-69
-816
-220
-601
293
-398
450
851
641
-634
156
676
954
-926
-704
915
63
814
834
574
-641
970
338
-282
425
736
-757
280
904
-937
723
-609
-752
-941
-653
541
-782
797
392
859
721
-896
92
674
-821
388
145
242
-242
-22
-628
-325
-52
267
-50
930
2
-250
209
-537
-186
-69
-589
62
-10
-241
-841
208
-888
108
-377
833
213
715
63
-51
-341
-793
748
-25
186
-881
650
691
387
-844
620
946
-94
-615
-592
720
316
-180
-219
863
136
-502
-373
248
606
-193
-362
-182
-478
701
767
-262
909
514
270
-349
191
-81
899
-423
75
75
-478
982
460
-512
258
-225
-135
-961
-806
-1000
-906
-179
248
700
628
886
-925
707
144
399
-555
-391
-87
272
-183
661
-809
-285
-763
-177
790
-684
-639
249
-639
620
581
226
216
775
226
310
-848
-969
-434
780
474
-359
44
-383
-960
46
-217
-490
-683
600
-830
-935
872
965
-111
661
838
-193
-534
-801
984
604
425
-244
-65
-792
623
87
797
-811
-576
270
-613
468
445
-573
-487
-773
-506
-170
385
-779
-104
256
743
342
-83
581
706
-60
337
247
-456
-239
-998
36
-474
183
-877
-678
-71
-453
150
316
572
-849
301
-916
936
795
-529
320
574
-76
-424
316
823
50
-104
529
547
-768
-225
-910
-449
-666
127
-366
74
-193
-486
-998
-89
664
319
-518
815
-824
-877
307
528
-849
-373
101
76
203
-583
-545
810
-130
984
356
-340
-685
4
211
-793
688
402
281
-506
916
-159
-38
136
-841
1
-493
893
124
815
420
-168
-559
-479
465
201
-505
921
-433
365
461
923
-976
334
-517
-208
541
-830
752
-622
-779
667
219
183
-197
-65
-817
310
-173
-136
124
-753
697
122
-675
161
-678
-180
-362
-554
742
-901
-631
324
433
-148
673
-470
-420
424
-535
-199
-352
685
542
451
-824
282
-683
4
-854
-1
-192
400
-880
-310
-883
-1000
67
-244
-554
-635
-588
-628
689
402
-218
-81
489
362
900
954
720
-453
195
-182
555
372
-900
430
933
-754
-572
-703
203
-895
-456
320
663
611
-925
-891
976
-956
-962
222
446
-180
-860
-66
739
597
-112
459
-856
640
-724
256
-432
934
-315
-943
-821
-330
912
382
-224
-545
-741
-562
623
-666
-896
599
937
-857
-623
382
-480
-926
-684
817
671
-239
275
372
958
108
-372
-474
-401
-130
-860
-665
541
-948
275
874
-493
534
869
-870
425
531
286
361
231
220
-257
751
294
-384
567
-36
-66
-602
894
-109
64
-922
-26
663
-495
115
998
603
-276
-171
476
-212
-638
-98
-82
788
-568
761
148
663
-20
448
-30
831
-937
-906
-648
-446
-508
-755
446
113
881
977
-668
-615
91
888
989
372
-284
21
-840
79
923
-365
-577
-646
-604
128
574
-67
-424
-456
-236
-804
-362
116
-692
-313
-82
754
358
-202
287
247
183
936
-309
-272
307
408
750
467
-957
229
-898
-977
584
-945
151
-286
-12
284
-185
309
38
10
982
346
255
-544
99
-388
254
943
416
995
878
-893
-278
185
72
-972
-792
-328
258
-690
-305
-602
923
846
112
-532
-313
485
777
725
-506
316
70
749
772
726
918
-417
668
-109
-423
546
-2
-144
-713
627
-558
-505
-702
700
-637
-7
655
-715
-605
-234
-247
82
808
-913
-194
-698
403
876
608
-269
601
526
314
269
-584
448
-629
-29
862
-342
-403
-697
153
-105
560
516
445
214
802
840
537
-889
-78
345
-802
728
647
601
161
254
-668
-239
-664
203
587
-691
-349
958
280
-488
-385
877
-628
326
-672
932
-602
773
145
757
613
-762
869
-909
583
-934
376
229
225
-464
-960
114
-145
934
-684
-559
-757
-476
957
523
-407
-872
-43
-35
454
285
-547
410
58
155
166
-773
394
34
-682
-24
-342
694
763
883
788
803
-447
-358
736
-131
-360
536
-49
-847
59
544
-718
-985
-491
293
-143
-481
-298
915
675
869
699
68
-541
-984
-957
-326
268
806
-887
-388
165
-334
-189
-542
93
8
994
-957
162
-391
587
444
-376
653
-264
39
-828
-4
-47
847
-579
-791
-529
-563
783
-486
112
50
878
225
219
-401
449
-971
-386
-459
38
-835
-416
-801
-669
728
200
-487
-62
493
552
110
-512
-496
-487
-91
-730
-459
347
-947
55
-985
-340
-511
240
880
-354
-755
466
-183
-214
-940
-461
-73
-741
-129
-788
16
384
150
-491
-65
817
-446
-4
887
464
267
-573
-633
320
39
-618
980
86
179
416
732
425
-118
-895
-790
-58
-355
-305
-241
516
-93
332
-101
614
841
834
430
-605
-171
316
416
653
743
783
-28
-219
722
-491
424
-100
925
155
-676
-637
261
-465
-137
463
-213
622
-22
694
-47
877
307
-649
267
-707
-697
653
609
719
306
-92
58
-723
246
-221
-657
-330
236
-732
382
561
-812
-801
653
51
662
-561
-328
-804
690
183
-928
-447
91
-104
-154
394
-451
-989
-331
855
-81
284
689
722
620
-968
-609
-145
858
774
-585
-955
530
-933
97
192
-937
326
388
753
-492
18
-695
156
914
-292
-451
-981
-281
-225
431
195
616
120
-83
235
152
308
648
-434
-362
620
-389
-832
245
708
-83
308
34
862
-382
99
-121
-520
-745
-650
189
-639
927
465
-306
358
-340
-691
-966
577
102
-257
-559
-251
309
-363
-632
920
-638
170
628
279
-522
-782
140
-347
317
577
133
572
484
879
491
410
344
-816
-676
-997
-507
-642
580
595
101
578
901
-591
-786
827
-671
-424
-4
514
855
31
732
-448
684
-395
686
-626
735
-274
-748
225
693
596
409
-983
599
459
933
-265
54
34
-687
-489
0
-916
895
-114
-339
-552
-601
-928
479
688
-819
-280
851
867
-349
585
-851
-97
-191
843
-944
-783
417
655
676
349
948
-714
-618
818
-645
-60
902
-751
826
-881
-746
783
-808
734
27
-627
-990
-123
798
-782
-539
504
121
-173
346
177
44
-238
-611
-723
-889
894
-880
-950
711
-525
-453
169
-718
-627
289
-464
713
481
827
-261
411
394
174
-235
612
635
-731
-710
-538
172
467
63
935
413
-103
603
306
18
210
16
50
315
743
-111
245
31
426
-43
-932
-191
253
479
-797
-574
802
372
619
628
662
638
-201
-314
-300
-710
-902
155
450
-38
730
-783
535
-221
532
277
226
-224
-693
-792
733
-625
17
-15
412
-223
-31
213
707
-413
-603
368
-776
196
611
-519
487
267
636
-507
-772
-78
-290
763
702
-759
-403
-516
17
-96
-308
-694
-163
709
-151
-752
-957
818
18
750
962
415
-326
-815
-833
-715
-777
211
552
417
705
780
-662
-586
99
597
-344
696
-920
230
-843
-228
94
-6
-962
943
-201
-919
317
817
831
-165
-212
-496
-423
-45
-654
-200
724
898
-784
428
234
-445
842
-667
-849
-946
586
790
-158
743
-439
936
-707
-401
435
92
-763
-692
-535
625
143
253
-871
720
766
-525
-481
489
931
-707
-527
164
-595
-686
54
-887
927
-360
903
-232
940
-536
-297
-767
-380
695
-118
-142
-998
348
-518
145
-843
-832
-579
480
-799
-503
-475
-869
-210
-2
-148
195
-130
907
-134
-204
-897
-232
564
-958
-211
824
833
-33
518
-728
382
520
620
421
-779
334
590
-358
-186
348
139
-104
36
930
895
888
-319
-236
794
547
560
454
-685
-320
54
-339
-497
-114
628
-980
158
9
540
-666
-570
761
669
577
-598
-961
-76
98
-65
517
27
-614
404
266
150
-245
-188
-734
-792
-316
-54
262
-97
449
706
-470
26
-580
97
-435
-245
84
883
981
-340
842
577
141
-60
-932
-343
524
-545
618
-211
162
-628
159
429
-862
400
932
-43
-698
381
-338
-610
964
83
487
-471
395
-430
969
-68
-213
811
-492
928
-693
-424
-859
831
-412
759
-823
751
-869
336
-264
827
-265
-333
-217
-405
605
446
-15
569
-915
-529
655
37
-402
623
969
385
-10
-967
312
-146
-834
453
-758
-245
-232
-581
-495
-101
312
241
-275
604
465
509
-802
70
-489
183
-362
-847
211
-708
190
809
472
-285
193
-981
-695
-939
-127
-529
71
115
-217
840
534
288
-705
-598
-915
21
-994
551
-914
-796
-823
-846
388
-185
-693
-402
-336
54
965
-865
326
157
-846
631
219
-415
659
847
700
-558
686
-209
287
982
193
373
-441
-244
-520
-355
-39
-343
-644
906
29
-337
-940
250
274
-976
385
-401
182
97
787
958
239
445
804
-62
887
47
286
174
28
-964
-897
144
-208
-860
346
753
-646
702
658
383
-636
276
-368
195
300
574
794
-519
-773
137
996
466
-419
357
962
-975
-597
-196
-244
-12
-160
-584
-869
633
-444
477
-58
-90
178
-843
850
99
433
-519
-707
-268
612
644
214
840
-220
-234
-138
-82
-878
-620
-500
-475
185
-187
513
-976
229
201
214
342
-766
-844
809
412
-687
658
-933
746
696
-640
-966
-135
561
-195
-739
898
572
123
-627
694
504
-127
777
-312
244
-154
-731
-971
-953
484
372
-719
640
180
251
510
-605
318
-188
648
236
-154
-488
-204
652
-227
-749
223
897
-376
-84
-43
54
-751
202
-703
96
28
-673
143
-489
256
-19
708
993
-769
217
-613
107
586
-965
-658
-568
-453
-305
-917
-122
-54
-137
-226
127
779
288
-819
-972
-954
-965
-319
74
-638
824
586
175
-639
-150
168
-850
625
555
257
210
147
156
642
252
408
282
-871
912
-856
-97
38
481
748
-224
66
794
-188
747
-133
-269
127
-991
907
488
-140
74
195
-516
-372
-549
251
333
164
-550
-416
-871
732
-287
-960
877
173
-365
-86
-80
412
980
-287
781
283
137
-489
-591
147
975
454
564
48
-351
605
234
-343
-145
-434
379
305
150
508
-406
420
105
-973
-408
740
-59
512
-292
-523
782
-955
760
-525
-443
-832
622
-469
179
-258
137
828
-654
-630
-958
202
-507
421
-937
200
-72
-343
-381
590
-316
211
329
625
-721
595
-899
618
640
418
-908
754
586
272
843
-678
-987
-464
707
-640
-94
749
119
-44
-274
182
-845
211
840
-226
-200
-920
542
687
706
378
281
364
-5
-523
-218
-356
789
925
473
188
-754
44
724
954
-39
-814
259
-921
142
986
-182
297
196
-786
628
554
-705
169
240
558
-454
-923
-79
98
-446
703
299
900
185
-228
87
431
816
-190
-59
-224
-447
758
-588
695
300
230
-452
-948
2
-825
606
297
-99
-155
-146
447
-78
775
-899
34
35
401
-67
-781
-828
578
207
545
945
706
878
-502
463
-711
-808
-238
76
-702
-186
-923
-527
-580
374
375
-178
785
-622
745
560
-963
-665
-849
438
268
928
167
-155
134
-732
-653
-161
-855
-155
859
992
-406
-823
67
-108
-451
-298
-77
-31
633
855
348
418
790
-351
-466
827
-16
-315
-179
-748
-388
988
-346
303
813
-442
700
958
403
558
949
555
736
-427
-554
842
275
-74
-190
-93
-220
715
-676
-430
-636
-585
954
348
-343
-225
157
-174
-681
369
-871
-868
927
829
-911
330
-57
596
-116
-765
-832
-113
-924
0
371
-557
907
-850
-842
789
-723
-478
761
-769
427
-582
6
-416
244
-118
953
373
14
879
-242
104
-235
702
-744
206
494
-576
-907
571
-19
464
571
-113
171
729
-768
449
808
994
237
235
969
800
376
212
-319
328
-858
696
-237
-100
-644
529
-842
-831
-266
653
-850
-616
-220
131
405
-650
-983
-424
637
808
582
444
358
-182
-765
326
-826
611
-463
-145
-505
-321
-893
-184
137
-980
-656
295
-811
-365
-496
-661
20
-159
470
982
192
45
-443
-615
-591
696
829
767
-487
622
92
-756
-211
186
-343
-158
423
-236
658
-441
-658
559
411
-469
-807
473
-572
-230
-687
455
-248
62
-944
-134
447
-535
-438
-167
-769
-368
-989
-120
-123
-200
624
534
642
46
855
299
162
-804
-143
-428
-715
-392
-956
-730
378
916
725
687
-23
782
-447
982
-754
-328
-629
-965
-139
-618
-528
295
182
-905
-172
-176
-302
-760
680
860
994
-906
990
-722
-298
-967
-895
637
506
831
324
-960
169
434
-979
-28
663
-608
-436
-477
-669
37
819
513
-311
-797
894
388
-1000
574
-196
995
225
-207
830
927
-173
936
120
890
323
-557
930
-509
434
508
20
96
457
585
177
788
-379
-5
301
-133
-245
-249
-746
-244
882
59
-250
106
852
-864
-411
-765
-929
710
-875
394
-848
612
442
144
120
-538
797
-424
-954
-27
-636
-776
525
222
91
838
973
346
-407
855
962
-100
-40
370
36
550
606
-335
259
288
-942
-32
-544
501
669
576
520
466
710
566
-562
631
790
521
-148
-120
358
-176
783
508
-765
744
965
196
-329
0
-698
-724
665
118
121
281
643
577
-662
312
-290
858
-223
-581
-20
-228
-951
-231
850
-99
206
-236
282
-454
-729
75
847
-765
828
-483
-207
-871
-650
-543
-196
471
295
-554
-395
633
758
315
490
-909
291
-531
-579
340
-205
-730
798
559
35
-364
-896
-137
711
951
99
538
-532
892
224
-182
906
-973
847
201
-969
-992
-167
346
323
881
438
-387
907
416
510
-298
243
307
-740
-723
500
922
-302
211
872
797
-695
897
245
530
-728
-293
557
-882
465
145
684
856
-509
6
736
486
176
642
-99
-758
901
-857
106
718
979
-395
196
-324
373
68
-971
679
-479
-169
208
-207
538
-679
-532
-440
467
-849
-585
515
-286
-850
0
447
349
458
689
-193
158
-206
-919
136
-43
278
369
-671
903
-45
-993
-577
786
-228
217
-119
-349
242
441
675
394
856
189
-893
563
-812
112
-532
203
-200
275
-640
152
-86
54
666
-809
980
995
-907
-65
560
-927
-723
889
290
-285
-461
-468
-845
-787
483
568
402
147
-313
147
-742
156
-651
-384
-570
-733
768
