-164
-720
-46
-593
-709
-756
635
258
-800
104
30
629
-439
-153
-16
-67
-840
-655
-237
-691
527
285
-30
773
202
-654
403
156
715
266
670
-450
103
-820
-43
395
-575
-852
-791
-375
252
240
811
370
-914
-649
861
-754
-303
-377
-888
-777
909
82
553
-333
-15
-487
824
-301
336
50
-194
-562
230
321
390
212
469
600
395
-279
-161
-238
648
-518
114
508
-715
368
689
955
148
597
36
-299
-737
578
-229
644
835
664
-307
-360
-899
481
961
49
-751
-13
-352
201
708
44
964
-88
526
-366
-580
368
-999
-892
322
149
262
915
407
82
49
735
-274
-117
398
-24
81
57
-987
-402
-895
-737
585
-247
464
-151
797
-16
762
-121
618
739
804
619
847
-318
-675
-335
-404
289
747
645
24
-971
-915
-579
-437
166
35
-424
764
140
-604
-94
450
861
755
-197
-599
516
682
-981
254
42
195
-343
724
520
322
877
-191
-374
79
390
-345
164
811
-225
887
-597
352
207
543
748
-888
-450
165
868
353
567
-60
-408
586
752
634
-220
-592
-85
858
288
-209
-334
914
427
-945
-875
-853
423
-99
-967
383
810
-202
-74
114
-90
476
-721
-666
-615
403
275
-23
-12
26
-389
325
-9
526
-261
836
874
-38
306
301
-426
432
448
555
890
39
-63
256
837
420
-631
-697
-548
-352
-362
-162
-950
470
815
-405
-505
983
478
43
508
-784
-121
382
-264
-816
-761
310
173
687
-136
-381
-718
802
432
-882
-222
802
-578
231
-994
-383
-932
615
-914
440
767
-862
423
244
181
-70
18
617
869
754
359
665
-380
-912
-91
485
-735
191
-157
697
-133
621
498
-154
-592
505
463
-524
-324
549
474
-558
687
-104
687
-576
383
-739
599
252
572
-43
-527
-809
-398
382
233
-133
-427
633
-436
440
254
619
-715
662
-320
748
696
356
-147
169
799
-904
622
42
-923
4
-140
676
813
-569
-811
-714
-821
-208
668
413
216
-760
45
780
237
856
-44
79
75
636
-617
-230
-451
236
496
-653
-111
117
-54
-33
678
806
-358
491
794
-611
777
973
181
1
385
-604
-201
-570
734
-965
-715
-311
115
360
882
55
687
-570
-709
-261
-666
-263
413
280
704
91
-358
904
-419
-565
-708
915
-592
30
-85
793
-17
714
780
-727
307
623
-481
979
-461
-599
33
784
-169
-119
-478
-277
619
493
560
322
-417
-798
-218
164
-363
-369
78
-398
661
550
953
-799
264
289
-526
-873
-89
-6
-895
8
-48
138
-652
340
-981
-573
-938
195
920
623
-484
-498
825
-144
223
-982
487
858
-822
-295
408
-870
-94
-772
419
-63
-645
