-813
771
81
670
-13
2
630
-684
-470
-161
-11
-604
-970
540
-258
203
-806
621
-749
-727
-7
361
73
-150
427
-495
847
-402
646
-148
481
390
-820
-882
60
-276
120
-754
-403
207
85
586
160
-327
125
902
876
-123
79
-874
150
-928
487
781
-521
-529
-715
883
69
488
-265
-451
-122
-528
-333
495
-247
344
298
351
-450
940
-64
710
-388
619
169
-512
-505
-753
-829
202
877
216
-18
913
687
267
796
-688
-688
-913
-139
190
-884
85
-759
-131
-572
96
-781
-465
35
-287
802
648
-669
-473
693
-617
-225
421
142
-792
-364
682
679
880
-495
474
-809
-183
118
-391
564
234
694
805
-898
679
-100
-678
771
493
35
573
140
-77
-901
-611
-137
-569
810
-996
-803
-554
243
433
883
749
-94
-926
-435
-977
-760
-871
257
492
491
-84
170
949
238
-502
441
830
-930
-863
-248
727
-474
615
716
-665
177
470
-662
-581
-98
-779
-833
365
853
-710
-55
-908
977
759
584
467
-326
-689
-28
470
-191
-588
299
-564
-451
-949
720
-368
223
-8
-475
-601
-982
-580
-624
-80
-802
-900
842
-950
-610
-214
701
-634
-456
-159
391
-224
152
-638
-755
518
-668
544
511
-562
152
231
-372
-625
780
153
-669
799
130
-293
-282
329
-192
-883
379
-245
-97
-364
-321
5
478
627
781
-814
989
-975
705
878
126
215
874
-722
-998
-499
-347
783
211
-459
581
-660
-194
856
669
614
973
-395
926
-124
241
-396
438
-282
-770
218
-95
777
-200
-834
211
926
381
84
-797
384
142
-587
166
-648
-45
-254
-307
761
-842
919
-69
-869
-477
-587
-436
765
-425
-999
-961
-195
-224
-499
-862
133
-333
-93
58
-952
548
-181
-11
-310
-211
712
42
744
-986
292
61
-828
211
549
-697
734
963
-576
55
-463
-575
95
-101
-242
596
-405
891
-737
502
-494
869
49
-118
-586
739
671
-875
-662
415
697
187
-968
869
-603
582
730
689
544
-847
-257
638
-864
838
-464
-549
-9
131
-658
254
-368
-595
-321
239
287
-350
-23
-43
-225
-128
929
-972
-941
962
897
-987
543
183
702
-357
337
-555
-720
30
840
-627
481
-170
505
380
-917
694
785
-681
-68
-372
-31
467
586
301
-662
71
329
955
32
-217
969
-869
966
670
-669
-141
672
-832
446
512
-458
-516
-659
-954
864
983
740
206
-699
-771
834
-172
696
-24
-872
591
-953
15
103
-364
355
71
-675
-123
-703
-344
294
970
-175
-261
481
-76
223
822
-30
87
804
-734
850
663
-505
683
-510
748
-784
-825
339
-737
-253
-559
-544
-899
69
-219
-21
366
-5
830
-108
820
-432
-628
-257
349
-806
270
-565
555
93
842
-226
589
524
-179
336
297
-446
-769
560
301
-771
-984
-40
-145
-646
496
779
349
325
-330
-275
450
43
25
-202
-206
-706
-210
906
388
-369
-320
-467
713
501
426
9
-946
215
-874
-87
1
-858
430
857
-947
-75
635
403
807
-696
-873
256
-96
153
-946
698
447
-156
604
-609
476
841
-519
188
341
908
754
-47
122
880
423
-878
579
-148
536
633
777
170
35
583
32
162
-605
936
872
-551
191
-124
294
-649
267
-674
-809
306
514
89
213
-176
599
892
-296
21
571
-718
873
107
472
206
834
-494
-212
-578
226
184
916
-346
190
106
530
-517
457
-646
-191
205
660
880
-707
-128
-296
893
-680
-35
-530
891
-196
-657
-446
-724
549
946
-661
895
-633
122
-365
-718
777
825
-55
306
866
-599
217
-326
163
-124
-889
14
305
-628
-94
625
-106
-67
73
698
276
627
531
-618
572
428
-724
497
-451
-89
779
883
-708
-276
-254
-843
-318
963
-611
846
-161
-943
-141
-857
-571
322
326
-120
-746
-602
-423
88
-976
666
470
154
93
746
-350
199
-787
986
82
-495
-291
385
-780
-51
347
-834
-206
743
-777
210
444
-791
-469
-231
89
-658
-276
223
430
-695
-112
-101
459
538
-799
666
-263
972
652
376
-523
918
-240
-746
-134
664
-580
217
-36
-357
-574
-593
-591
-486
-267
498
-586
14
-280
844
319
166
-700
-222
-297
-499
-1000
-3
-527
652
-628
-493
570
-311
-682
-565
-647
-262
210
317
-62
636
281
347
708
-987
-599
-879
27
121
965
903
844
822
-320
-453
-677
-762
544
-647
890
474
-583
16
-838
-265
9
-485
30
-782
389
525
854
-331
-129
561
-761
272
682
266
950
204
-274
794
25
406
898
-95
201
441
258
91
-86
232
-894
77
967
115
149
-447
333
-462
-923
-256
207
-495
-696
447
334
544
-731
284
-253
-5
-366
329
959
-469
-766
159
972
49
807
-557
-719
914
77
805
-415
783
-642
476
-680
993
-781
85
-502
-920
-469
832
181
-643
115
485
-90
749
-186
-132
837
48
584
809
654
391
809
935
-139
-558
740
446
-776
655
-522
-455
647
-303
630
-856
-222
718
534
959
632
-352
444
-459
955
815
-34
791
-581
-450
156
-928
498
-479
-993
-642
-37
304
361
188
-42
840
290
-396
-907
-524
-694
-572
-807
840
945
825
-956
-55
924
556
-241
-111
347
178
439
-941
250
-507
-862
-186
-149
101
-883
770
846
75
166
135
237
259
611
543
245
361
-61
189
-257
-17
-867
-334
-461
-551
555
443
184
-449
59
991
44
197
-195
453
-702
-78
222
701
555
945
-164
-652
-240
-997
448
-996
-78
-614
193
665
-74
-117
888
22
-111
442
-536
-928
550
524
-937
-406
-723
-575
-954
-868
-96
-175
834
-542
-674
-774
-637
86
787
811
91
-292
754
841
930
-320
-719
817
702
170
-184
724
243
-635
-196
-137
-484
81
288
-881
214
-809
-499
-396
-793
-173
-613
-873
914
-827
939
4
-561
249
-156
-632
929
-318
743
188
853
-885
-532
-348
-520
272
515
-446
910
-641
-327
-320
-893
175
284
-686
-999
671
-558
472
402
938
-525
841
186
-123
-792
-328
559
508
417
-32
623
885
620
661
156
-309
-786
-378
50
-556
303
158
619
-414
29
178
815
471
-794
216
-35
-761
-387
-849
116
-622
-620
-769
887
797
-243
509
238
-624
-274
951
68
-60
-428
-883
385
875
-168
-440
-982
862
295
390
-111
502
-838
855
741
-225
563
-587
153
943
-799
-404
296
-42
-895
-467
335
-612
-960
960
329
-388
634
-730
-513
-534
-170
-938
-673
683
452
-227
-259
614
-373
-519
946
-811
-549
98
689
-348
252
-459
168
357
-369
-941
302
-329
-982
-370
284
209
-543
328
675
-155
390
559
-473
-602
-668
268
569
-484
306
71
-294
757
-832
952
966
420
-507
133
-667
-319
192
193
353
-233
823
-364
977
-720
521
208
125
-533
-233
209
-135
-344
-967
991
172
339
61
435
-348
-214
-56
-383
764
-6
308
654
675
-501
-154
27
-176
-774
220
-200
-937
-260
-993
-255
207
-669
954
629
-13
987
176
717
325
-764
-292
534
-420
652
-850
901
-355
458
554
-680
515
958
347
-662
741
-433
138
804
307
-298
-452
-929
34
-499
700
578
-956
-567
-149
-74
-331
560
-541
-194
211
-391
-294
857
625
818
-824
139
775
80
34
515
204
-829
-125
-932
-570
423
-861
21
481
396
-401
525
829
450
-993
-945
9
-534
-139
778
-368
125
634
814
-58
367
-491
-727
-997
543
345
208
271
777
-167
702
199
-28
-278
-764
925
-122
318
311
886
325
366
-549
348
784
-772
980
-535
419
351
-36
-658
860
-206
-654
403
-862
111
-327
915
944
932
-330
-528
-789
-94
-604
89
-777
264
-469
105
-371
-17
-548
971
211
-568
993
-813
340
-43
-471
199
751
-568
-399
447
100
-168
-82
43
-237
589
515
-469
-949
469
178
-725
-268
709
380
-81
-309
390
-554
460
379
-562
647
-282
-48
733
917
-297
-835
-925
-851
265
-93
67
866
227
-788
-63
759
-736
963
-64
-904
-305
-799
476
171
-107
-578
174
910
801
169
556
-482
-879
288
-565
-176
10
-490
-470
833
-26
597
698
-800
810
-366
516
-927
-403
-992
-831
-151
-790
202
577
-340
625
-250
-431
-18
919
-876
501
-961
-31
936
-580
537
-998
-50
369
-24
-453
66
-267
914
700
-751
544
854
815
270
-741
-976
-972
836
-316
653
-858
-190
-808
-939
-66
693
658
461
185
-922
-3
187
-415
-635
720
132
-12
-548
-398
-313
-299
-855
-902
-927
415
-643
-903
1
-807
-661
-790
-665
149
-598
954
641
-906
169
-342
279
-196
212
-978
389
577
742
-922
-436
-806
-320
-192
-548
-617
-537
-475
355
-179
-820
-645
-429
-481
-434
-537
225
-32
975
-578
-380
143
80
899
947
-709
479
-108
425
220
-30
546
-29
208
912
424
148
-626
506
-941
-248
686
-585
323
762
-462
344
-456
63
318
-34
683
-983
604
139
521
452
-383
-588
-123
394
-60
980
-635
705
891
346
-148
823
-149
-89
-426
-906
-117
455
413
-22
-202
957
-959
-885
-520
724
690
-917
-581
210
535
36
622
969
988
-439
949
-648
823
396
698
-326
218
-895
143
793
-801
-975
247
170
4
602
126
-398
717
163
883
406
246
-698
-828
-662
-105
794
864
-118
913
812
-209
735
208
-512
967
-575
-849
109
775
908
-309
21
77
252
-378
761
411
896
-77
294
-142
727
596
30
-936
-953
-619
485
-513
851
297
278
142
-939
324
108
-957
475
774
819
382
-978
-604
-984
274
-424
777
-315
-972
-744
536
-556
983
-312
31
604
-265
-31
89
222
-181
943
-500
962
-997
381
-374
604
-588
-600
-21
794
-578
-67
367
253
509
-300
495
94
-43
30
95
-61
718
-874
-457
-547
-348
632
232
472
131
289
-10
134
-331
616
-706
81
-985
274
-568
995
-794
799
248
272
-944
-258
-635
13
330
18
952
47
-299
-949
500
353
240
-711
-619
-630
578
371
504
805
-13
356
-115
-441
-371
-126
-889
-165
-770
-84
664
-714
658
586
299
-13
-397
250
592
304
-141
-352
-343
-902
-63
38
-531
-485
967
530
-681
-490
-115
-239
69
514
193
-263
906
423
653
569
709
-132
155
-436
412
315
371
3
-381
-771
652
-167
-672
-412
428
-203
-340
394
884
-464
904
-231
298
-470
840
-510
267
746
470
-523
-129
-265
345
583
299
-244
-102
-331
760
74
-101
-32
464
-216
556
-109
581
774
-715
21
-691
746
790
164
833
630
211
100
-68
-320
577
360
415
-522
-500
-730
234
-45
-60
-450
-972
396
518
492
-821
-369
940
760
-596
782
-220
-730
528
-873
435
360
314
-355
-984
803
-117
150
162
855
628
662
-875
-581
-384
65
-31
-799
-540
-956
250
-361
-325
190
956
-364
-29
-708
-94
-945
977
898
-27
290
-457
-454
92
-17
697
812
-163
-119
30
-481
300
204
141
827
405
158
428
-788
354
660
402
-134
-705
930
-284
-242
543
-308
-344
-485
540
-244
-382
-812
739
-686
1000
-868
-247
-413
-791
610
791
350
-7
-248
-492
-580
-36
862
-921
923
-272
932
410
444
-753
-48
693
-97
24
232
216
642
421
-489
514
-23
-357
824
121
-591
433
-89
760
-574
221
825
-597
742
243
-517
665
528
972
-369
-472
776
583
-779
-322
-837
10
451
362
988
962
-125
-478
-395
-302
643
-429
689
-889
-670
-886
332
712
-483
73
-45
-443
-706
-961
-914
-75
-432
862
-936
-211
-903
785
356
548
147
344
510
-979
866
672
-723
508
-758
966
619
-870
637
-493
842
-847
138
-647
-732
432
-607
-646
915
-39
773
536
307
870
321
-781
-25
-533
563
-516
-955
-15
713
880
-950
955
402
226
642
38
734
41
-251
-572
-49
17
860
344
-72
331
862
-300
-576
-275
-873
745
-55
102
769
-936
143
814
-393
-145
251
-343
-634
-348
440
-992
691
-270
-394
-561
158
557
13
-425
-99
498
906
-681
755
-671
-398
882
631
547
-460
399
168
683
-230
775
-906
-980
989
-982
-328
-14
584
920
716
-811
-642
-126
746
-72
449
-797
-575
354
-477
-820
241
-318
619
-572
-772
717
828
-47
-44
-846
-715
51
-826
831
69
-597
-184
-348
-677
-468
-602
-319
406
-857
167
-146
-653
149
765
-573
329
-438
109
-495
-9
-106
-779
-625
404
177
-471
689
785
-297
77
-590
106
893
-381
-14
982
17
668
387
161
-609
798
65
540
120
49
-574
682
715
-69
-771
-835
-291
-396
126
886
133
-628
228
393
449
638
-944
341
-743
42
-120
-169
-734
-734
549
-343
622
-830
755
-259
219
-820
-578
-510
111
-348
-788
820
256
339
262
947
711
-954
-104
159
685
-48
-944
499
552
-64
-671
375
-240
879
-968
-619
606
344
122
-175
524
101
-128
-809
753
85
-990
-434
981
-171
-931
691
-124
-35
-594
-883
475
-981
616
26
-487
502
-600
273
-63
990
211
-457
333
-668
-75
-587
-10
354
-396
-257
996
-386
-134
976
1
-65
223
877
900
186
551
374
206
166
957
276
-776
915
-895
-281
904
316
262
-206
205
-814
207
-806
97
812
-506
93
983
360
68
-460
-706
849
974
752
34
524
-318
797
-754
-361
72
-529
-447
177
190
-987
-951
-992
-636
254
752
129
6
-152
-503
500
941
-521
-583
9
20
-289
-143
-450
-981
448
-926
-298
245
-680
341
-684
-652
451
51
95
21
100
103
-57
912
-146
-929
-526
703
-432
531
200
-396
948
766
181
-784
-821
732
-765
628
806
-506
-128
683
392
-255
-969
-601
353
126
421
-547
787
-637
922
-360
992
953
900
-441
483
-343
-280
-12
-578
902
204
-398
633
-4
-771
-5
491
-342
-323
-561
403
-735
-161
-244
-51
-741
-234
-265
-821
-756
-68
-830
-804
-611
-714
236
46
6
-777
468
-536
-16
627
654
981
856
-795
28
-487
-117
467
474
-295
-695
-771
654
-879
-448
946
858
-204
-565
-973
-451
-176
871
785
427
-566
566
-549
-545
-451
-922
-891
-914
491
-686
-329
562
-246
696
35
17
558
-179
-330
680
373
-827
537
726
-392
122
832
432
-451
173
-585
-17
-262
-134
439
-155
-499
105
-512
993
-24
-283
554
731
-588
-855
-253
970
-34
-26
206
896
147
-700
178
312
422
9
-700
528
-819
-285
-932
-523
582
507
-121
640
-832
-76
632
144
641
-258
-569
-948
-113
178
580
410
710
-215
-138
-144
85
597
726
-937
-395
-975
592
-656
-259
660
-622
880
-277
-186
519
-109
738
-292
592
379
450
-977
431
895
-242
10
-139
-533
353
281
-119
-563
-123
-394
-499
40
-369
650
-59
372
309
319
-192
589
690
-673
-521
427
35
628
-195
-959
651
794
936
-591
-640
-646
-567
713
635
314
708
-932
477
766
108
666
415
-952
-406
-720
-76
403
869
-830
730
905
598
-679
532
960
-638
-260
753
856
-294
671
-791
139
383
401
-990
-353
469
44
-588
-866
-291
384
740
304
664
-779
-737
89
-609
550
-7
989
871
-918
949
790
-178
258
202
85
-72
-32
781
869
-632
791
-928
395
-608
-515
529
-342
869
-175
962
90
46
782
-822
438
331
-271
-17
201
-189
-512
-452
190
304
750
-726
789
-282
-946
214
-357
403
287
595
795
772
123
-991
197
506
972
844
-449
753
-978
546
-359
-249
-914
842
119
-869
947
-692
435
254
-418
-219
972
-807
995
-829
596
281
767
-53
-391
-554
-43
807
952
-515
650
-940
795
229
163
-565
537
249
835
-345
-62
781
-37
-628
-409
102
-290
-438
296
-295
-709
-552
986
-943
396
-405
-497
910
959
-988
-606
165
-928
746
952
235
-819
488
-959
573
-857
-21
-90
-337
-92
502
766
619
621
-382
881
912
66
866
526
-982
-983
587
928
533
599
879
-745
228
182
-794
-981
363
694
-940
-508
394
-404
402
-943
62
-540
380
-763
-919
555
-883
550
-380
540
76
-804
558
-338
-877
-353
818
560
-98
45
-259
108
64
661
-641
-318
-848
753
-165
111
367
897
129
-697
-867
210
858
808
-684
-965
348
392
-769
-538
611
912
109
428
471
569
-528
769
-324
94
429
-408
333
138
903
-833
-751
-174
622
-65
130
312
-856
-456
120
-540
-421
-533
410
-190
-71
20
-278
595
-995
750
163
-523
519
397
128
-53
546
-540
643
448
-815
449
-726
807
-617
-39
118
-916
505
-763
-899
-916
-739
511
-549
-253
-912
-270
900
-907
-520
62
-873
556
-985
256
-941
119
273
702
-434
458
150
-603
-179
90
358
497
174
-580
734
276
-496
553
-657
-488
-701
-569
-200
-802
-919
280
-182
-791
-608
-610
22
-549
509
-706
711
633
310
-583
587
688
508
-55
184
-319
-78
-525
957
-17
-973
-700
495
884
-712
-706
640
-630
131
-986
-421
80
962
601
532
28
452
-201
-340
-682
216
804
564
-277
-695
-253
405
227
-221
361
-791
-637
218
705
805
507
556
444
877
-756
15
-988
324
-24
170
-145
-997
-822
654
-780
-946
-130
-976
618
593
-671
922
-446
114
-299
473
323
-379
-310
-416
-575
-804
-860
869
630
-616
-560
642
708
417
-632
-880
-23
-453
331
198
-399
758
-221
-782
-92
-335
697
462
779
955
-66
102
-424
625
243
1
378
383
-573
-435
324
-133
-794
-411
841
-868
-291
-182
-321
597
-985
280
355
-649
55
-738
16
-692
281
-205
-737
-785
454
-161
397
-304
840
-669
637
-734
-104
-40
-309
-340
549
-469
-208
815
349
471
412
-79
-693
-234
272
-81
-415
-712
227
866
-360
490
638
651
-672
34
904
726
-77
540
992
819
-943
-761
-965
163
-229
-173
-22
-881
855
947
41
-839
-731
870
-363
-146
715
865
-724
-646
-89
915
562
240
-495
466
-35
428
5
-487
-196
62
-247
-161
-775
524
667
-240
200
78
-294
798
-203
-25
668
434
386
382
-145
662
294
767
133
-145
-437
196
878
528
-820
-117
598
-16
502
908
381
284
-12
-396
-957
-812
682
-694
543
-522
281
210
913
-777
-851
-676
443
0
-910
-425
412
-347
328
290
738
509
730
336
-951
-212
-200
430
-928
789
591
673
534
273
980
76
308
-183
844
-223
-402
993
102
-960
-451
192
-385
961
403
501
-193
140
9
-464
-968
-385
325
-167
603
-46
-379
193
-374
-846
-978
-838
-213
-112
-463
-370
665
135
-821
-677
175
-272
516
347
-754
-525
-153
53
615
413
147
648
586
-972
-963
188
-18
-342
-620
165
-631
961
328
156
-152
422
344
-488
-444
523
-607
731
809
909
-366
-946
-617
39
-336
555
-549
811
-241
-964
839
-204
-219
-623
11
-281
543
380
-321
-573
-907
527
849
437
596
-596
-484
546
692
-676
454
883
-622
394
-79
43
-494
373
-590
265
-34
807
-939
748
-817
72
-534
283
-991
-298
710
660
786
115
-347
381
519
169
-516
-233
494
938
-350
429
-111
571
-972
-48
-500
-561
-784
24
-755
835
-229
-572
-93
-206
712
-527
496
-22
690
281
-907
-658
-782
169
511
-298
494
-439
-803
701
991
-357
-172
576
595
329
-986
811
910
817
646
-763
803
-891
31
514
-861
-474
-952
829
364
-859
-830
582
-132
238
842
-639
357
-962
-939
-96
-319
-111
-521
833
775
-506
643
684
-690
-155
921
-888
-489
-492
183
-793
34
-211
-965
955
-513
763
94
355
-442
-65
273
915
-470
334
-182
211
781
297
43
555
348
-758
-204
216
-355
-727
-115
156
-218
626
364
373
-586
-44
328
-542
-724
-579
814
-166
-87
86
-252
443
978
566
-347
315
-581
253
-574
325
52
222
-460
697
53
-18
-590
835
-393
331
207
-422
844
-909
37
-881
-931
-593
-47
-18
50
701
-576
27
-177
-366
-659
-200
444
-675
-876
-504
547
-779
750
-401
203
717
991
368
-396
198
946
-552
-154
-461
-433
-84
-54
78
898
997
-665
880
-420
159
-487
-521
516
958
-196
640
-990
908
861
760
-936
-380
34
-946
988
638
-191
491
-915
656
-971
-790
-872
-24
288
-975
-471
623
905
-334
-662
976
145
854
933
506
50
943
414
-533
259
478
88
-708
89
-368
488
899
-878
573
111
710
340
239
-758
-816
-179
-229
808
-717
437
703
-742
-861
114
748
645
-837
247
-385
-812
-495
-908
-167
-645
182
465
843
-363
145
-28
748
-146
-688
-14
96
-504
364
424
861
647
-583
564
462
-444
-766
209
759
-603
-545
-627
-858
-482
-977
-25
-127
-238
998
-728
399
-301
244
-297
553
113
246
-795
167
-391
629
-416
814
-955
-853
275
-841
-619
-959
918
-664
-504
-710
-965
14
871
11
444
-368
-435
273
588
264
-926
-710
-184
187
536
21
911
703
-794
-505
516
-749
-801
-653
-590
-862
-612
885
-526
-115
-825
-934
456
-955
77
-543
-765
199
730
823
-538
804
-887
-165
-452
206
413
-542
-535
619
-490
981
428
-290
-672
838
-152
-284
723
-121
158
455
-55
-829
57
580
-372
-151
-222
915
-328
241
276
-658
-925
381
105
489
839
571
-336
-651
551
-909
-384
436
487
464
710
-234
-658
-133
-780
287
-405
-166
-577
-220
684
202
-305
913
1000
528
-746
-926
-92
359
120
-254
-514
785
-348
-963
876
268
30
-81
-712
-261
685
-370
164
462
475
759
-704
455
-461
537
-344
-209
449
-345
-682
260
-713
226
-825
-36
529
-338
-252
739
-744
-819
-437
286
100
-148
583
-215
39
-697
804
-930
619
657
526
-843
193
-819
-495
-802
-606
-620
458
-762
606
191
202
-308
853
951
-570
-892
689
-7
-49
-655
402
-467
-313
-559
-607
-509
-932
-988
-853
594
727
341
333
-768
96
284
-388
-889
522
776
302
-277
-533
154
-770
-546
-181
919
4
770
-736
-594
861
-49
-596
-747
442
-528
823
147
624
550
-956
-44
782
140
797
951
251
318
283
-448
-960
750
263
829
-797
-919
747
208
409
568
171
-174
-924
575
-364
75
604
-541
-779
227
566
-735
740
-96
-37
536
-146
-787
-147
-863
-677
-549
444
143
837
205
-218
140
-588
748
-292
583
-427
-659
-286
-234
416
-683
-218
195
102
-653
17
-159
251
980
935
663
751
-656
357
631
-648
-643
-227
-812
562
555
329
974
302
594
113
432
935
384
756
-93
259
-463
-899
-640
-558
119
-242
250
98
-751
-531
-152
-406
383
-965
-54
741
-191
-308
302
921
-980
-167
223
614
503
-789
105
-113
967
-989
703
-939
-887
620
-940
232
935
310
887
-816
780
-708
-222
-281
-673
281
-541
136
973
762
57
993
-406
837
163
654
-953
825
-903
572
837
800
633
507
419
250
-705
354
-441
-819
538
896
-527
873
-385
-199
153
74
494
-317
-608
-893
-768
-457
944
-47
-803
549
-223
-706
-323
-830
652
867
677
70
116
972
981
232
-847
75
128
-817
-496
300
-459
215
931
593
898
-677
700
-871
-134
201
82
-380
-694
417
-85
-460
587
-434
-594
264
193
522
-208
-269
-690
-498
806
438
-757
-690
-706
-216
82
-775
-624
-21
-452
634
108
-29
-609
748
592
-746
164
-494
-206
-250
-371
200
571
822
-722
921
-891
-412
-578
916
584
-335
783
878
7
-136
-898
-60
400
-350
-870
-493
179
-479
812
-230
-668
-468
-167
126
-160
462
883
-590
-160
-840
888
-50
-694
868
-578
890
-468
762
767
96
-375
427
-964
582
634
724
-912
-188
803
458
582
-866
990
972
261
-171
433
143
-203
831
-139
-316
-220
167
-449
-241
56
-359
-480
-621
737
-298
363
330
-717
-3
54
929
366
-587
386
-495
-453
376
-524
808
762
910
-49
-442
297
812
-200
634
-465
351
-608
148
549
-88
527
286
171
-553
-828
454
444
-217
-61
-634
196
-675
-129
744
258
348
108
-424
-186
616
135
-890
-16
935
744
519
-158
693
-334
-609
-839
751
234
332
-803
-37
-658
198
747
281
564
-501
163
-565
800
-580
340
-92
-446
711
-477
689
378
508
180
-322
-417
579
-630
250
527
-469
0
-240
420
-246
281
762
952
27
42
515
83
763
507
-117
740
-597
348
-707
-887
428
982
48
-508
-282
726
76
855
-905
883
381
-817
-118
-859
603
636
422
-79
144
-995
521
-785
-355
283
280
85
22
683
-568
316
354
861
-146
-599
910
573
685
-15
427
337
-133
-636
521
306
-938
-320
-502
484
602
642
46
-321
415
249
962
-306
-667
-17
-624
-234
856
287
-817
-290
246
-908
840
-70
78
-177
-734
502
187
344
-635
250
-976
-137
-710
183
-938
-106
862
477
-858
823
-830
-525
-638
-897
-202
776
391
-19
-515
-807
-369
882
123
266
-739
389
-233
5
-267
132
812
-686
553
-898
497
615
-447
-85
91
-748
-263
-182
-716
-344
-79
83
989
869
621
-970
-939
-749
912
184
74
730
-870
842
-265
-580
-470
-454
-266
640
-795
788
254
-685
-298
902
-433
-4
-281
-148
209
198
492
198
66
112
228
128
-79
-303
869
995
-574
556
393
161
533
481
265
-734
120
470
611
932
786
-688
833
910
-135
-891
-239
-926
307
810
-171
-628
-78
-944
57
400
-247
-517
-49
-263
-962
902
455
129
-61
-281
395
-942
747
-437
547
532
-568
380
-2
298
489
760
-71
-648
569
758
-276
-953
371
339
4
682
822
513
-582
417
414
873
-455
-648
-851
498
968
896
-940
515
-16
-508
-549
982
347
497
298
-725
849
-576
590
-428
-529
-482
468
33
-801
-154
-455
-383
-737
959
-954
-635
868
753
420
392
648
37
-94
-812
87
357
-830
-567
-590
25
-734
-742
449
413
-612
478
931
856
-490
-871
-298
-388
-697
-478
-873
908
-556
995
660
865
386
-135
-99
850
53
545
-237
223
536
174
-752
359
432
254
-229
377
-269
-741
233
-202
946
492
410
-751
-987
537
714
-543
88
-70
879
-969
795
-663
881
-152
882
-800
628
417
374
433
-225
-637
-313
104
740
-25
363
-471
774
308
-980
183
114
591
-723
-616
-952
365
315
484
-47
109
821
-167
514
260
34
142
-767
965
-426
-434
885
-182
670
182
794
-411
711
567
454
732
-694
-432
322
-417
-48
-73
506
-734
969
-542
-67
789
-151
-554
-395
440
588
-161
-39
720
-38
-154
-906
-812
-973
888
-223
295
11
-770
-417
318
-645
463
458
308
947
-480
131
915
-464
621
261
385
-933
866
-619
212
-739
342
-512
-220
745
-417
-32
329
-530
745
-819
482
533
-236
-644
888
-774
814
-248
-827
-666
441
645
-130
61
-95
812
-315
-672
-808
455
-854
91
943
-73
-607
-475
895
279
-447
197
460
592
-271
-776
948
-827
-993
761
-517
738
652
924
383
-922
-459
845
890
-216
-828
639
-762
-681
-270
-820
-197
-320
-737
-303
959
-184
451
419
-593
-821
200
912
911
207
672
-607
-55
-119
874
885
-41
972
729
-151
-245
902
-513
-7
778
