70
-602
-757
822
872
-956
-527
58
111
323
-532
-933
-149
865
633
237
677
993
245
623
275
341
-354
-879
-136
442
60
-748
911
754
-541
-463
709
-298
-642
580
-697
-611
-363
-29
712
105
38
-438
-474
-773
356
-797
777
-400
383
-391
942
-972
-270
-195
470
348
-386
-63
-342
73
474
-634
332
390
504
635
779
698
-395
490
-640
200
610
-114
-15
-35
89
-239
566
-971
370
64
-943
658
426
528
-438
-961
-979
220
-331
496
143
-1000
-115
-354
192
-780
-656
797
710
-296
-447
-124
590
538
842
-764
857
-36
-735
-217
-973
880
998
10
-36
-441
-394
-14
336
275
-962
-521
275
-77
-318
-534
143
-417
820
-591
287
930
286
-566
25
-316
-773
-119
648
-951
221
232
486
-224
-759
-550
335
-596
436
-772
679
31
-736
-490
954
-54
-467
-347
530
910
-381
-627
839
462
-636
-137
-855
-852
301
350
755
-921
-419
241
-145
-621
691
747
-217
-317
975
-982
714
-762
-472
224
185
-382
434
-729
-473
610
-799
-634
72
-877
-214
217
-729
645
-433
-974
724
-295
267
-422
85
-486
-676
425
-246
857
444
-533
-906
529
248
-164
-853
-319
107
-326
-710
-134
-403
-81
-11
384
694
260
28
818
-157
-692
-478
667
-114
164
-820
-233
-411
-66
-377
-968
-42
-725
118
763
111
265
-557
-782
940
-709
84
-464
-233
630
477
-540
-111
-939
-723
733
-631
-643
399
-188
521
137
137
667
628
760
256
-857
592
-626
906
-297
639
907
-522
135
-803
119
672
-479
-252
-295
-18
637
-233
-184
-74
-307
173
883
506
-749
-424
-358
918
-797
959
174
-654
551
105
-748
-747
-257
-842
-712
879
913
407
107
-567
-846
369
-28
348
-865
346
832
-614
-482
714
892
-674
-711
-910
802
-951
-952
-468
-604
156
637
-795
-34
937
-637
254
372
833
-783
-522
823
-629
405
-205
277
97
-860
108
483
-785
-179
374
-901
-333
21
901
-284
-373
-568
-331
783
626
-126
-694
562
-206
117
-66
-374
335
-31
-551
263
-627
-199
-461
471
-59
647
-47
-287
-976
885
-188
-752
-95
-731
-478
532
-299
-252
-128
-674
623
-265
446
974
852
-621
-400
-257
348
-394
-994
279
407
-898
-251
905
750
259
-826
331
143
-456
137
606
-187
216
-306
72
964
123
-45
586
858
-600
117
710
-664
717
-548
242
880
-985
-480
-157
-882
-174
-253
425
-916
-522
-688
-215
22
449
-610
836
-336
-359
-93
-372
765
419
771
622
820
-113
-112
-845
-840
-102
397
-961
-87
474
-118
31
-701
186
-545
-616
665
-232
-274
-314
774
-327
-922
996
314
-458
-377
78
962
951
-743
338
-605
145
50
-445
-958
-996
-848
-487
478
-409
101
778
778
114
719
-1
882
-556
242
212
117
321
207
988
420
387
66
-62
-105
-120
-725
290
-976
326
402
625
330
554
695
-636
-855
-205
-859
480
909
417
-522
347
418
720
-441
-909
-403
323
-921
-983
-733
-298
-488
162
582
-212
-992
163
671
410
-213
-443
-36
-962
-79
-334
-166
-380
-855
-258
594
-377
647
12
900
763
-340
-503
85
-261
-929
-91
441
-860
628
22
-72
636
-815
-845
46
-471
