606
-219
-12
-817
122
628
499
-373
225
-75
-764
995
887
-271
-816
-162
-871
-778
-884
-320
-857
297
-73
55
743
-496
707
-651
-24
828
-328
-862
-392
660
-679
287
-156
378
471
626
860
265
621
304
551
362
699
680
584
815
917
727
111
-600
-662
-590
-96
-955
-684
437
430
-12
575
-963
-796
454
-118
49
-612
-648
-326
805
174
852
108
-276
214
-193
961
-646
-379
877
-919
290
-723
977
700
-262
-979
-984
-825
451
-439
307
46
-234
-683
928
815
-295
837
-955
-933
11
455
175
292
-775
539
253
-421
718
-314
-783
7
-480
-806
-737
259
-785
-721
-9
224
-602
855
827
164
-828
311
-22
-566
-296
-420
-499
715
-966
234
-436
-741
-671
817
-161
-954
-941
56
-390
-420
250
-126
396
23
-290
-614
804
108
-760
187
829
970
-503
-194
-596
201
-56
-538
-527
-22
696
37
238
-975
-590
634
629
-531
-754
-761
-394
497
-330
-999
-924
-63
945
437
603
743
-377
431
712
120
795
673
878
-262
-865
-650
273
388
387
-933
-30
797
701
-401
824
948
-605
-571
1
65
989
-366
559
490
-930
161
232
-750
-408
-499
-73
944
-827
-196
-319
866
155
954
254
-902
-979
-777
453
279
-621
-167
226
-226
262
784
396
-193
975
-45
-703
602
673
86
852
822
144
-222
765
318
140
-555
-260
-706
957
551
950
535
332
-41
-187
711
792
597
-958
-389
-63
438
418
-88
950
272
-487
180
916
-635
1
59
-300
-234
-624
840
-232
-326
691
-719
-776
641
816
556
-844
-814
-176
949
783
-134
-441
-281
861
534
631
368
-194
702
-453
-279
-934
105
780
-677
871
714
-837
-804
945
411
-523
-832
-392
851
282
-235
-964
-895
-287
819
-472
272
-906
946
-195
283
313
168
-16
417
446
-393
-478
226
-70
950
-504
-350
-855
-560
-939
-820
-835
-331
-970
447
434
-934
109
704
442
637
-25
536
140
338
-625
-991
-938
-84
427
509
523
506
-709
-990
455
-213
-340
158
-216
-279
338
-51
-52
368
-604
939
-9
505
643
990
-301
-826
525
396
69
458
405
132
-627
-612
-803
897
894
-512
907
-94
-168
-877
-937
616
-598
401
-436
350
-675
-40
-155
-127
-978
-513
-138
-722
-781
944
674
288
401
-365
977
332
24
-827
-215
-83
-339
-752
823
493
-629
443
-335
-227
-600
230
680
-718
747
-475
155
769
-431
574
604
-212
518
-166
-924
-525
470
-948
364
-507
784
-852
-33
-999
-604
-653
52
-675
790
717
98
748
-54
-665
-971
-307
-583
-258
-982
-14
-685
180
775
390
-987
408
423
40
17
-214
90
-200
-508
615
-198
-112
962
854
213
308
570
869
55
-927
761
-358
-677
-823
384
899
163
256
78
-506
-354
-351
902
626
246
-524
-589
-664
276
-97
951
635
349
469
45
-882
-224
-828
544
389
-755
304
-970
-875
38
414
-977
759
-331
-341
-748
-128
308
712
-503
-890
745
-534
-554
20
369
954
-788
-726
422
257
-607
756
429
494
144
231
-645
174
356
393
-856
380
151
-630
-962
-39
243
-97
-771
297
13
974
763
17
-450
-311
-30
-238
-480
-608
577
-530
705
5
965
-152
-764
-681
579
592
269
280
-472
-580
650
-434
-62
-551
26
167
304
-961
-303
66
-387
247
312
583
567
833
532
143
-698
236
705
-734
641
498
-858
219
90
412
-502
618
389
706
742
-674
-846
-233
50
458
-637
304
-919
-24
-893
393
-884
674
-218
205
-627
85
999
636
-92
639
133
-392
-585
-778
-981
-87
398
-35
-825
-304
291
-670
463
898
345
384
201
-17
917
308
934
-968
-461
-285
-205
-531
357
-207
-896
-735
-569
238
-127
-154
17
-551
317
972
414
49
-333
-739
379
688
-842
-719
71
-84
-179
-13
781
-246
-423
-681
470
372
-654
-174
-836
-550
-352
-848
245
78
-444
820
84
430
791
-946
-522
-985
-685
415
703
-970
253
-670
-497
-927
-126
-716
-172
451
-840
855
-621
-494
-763
-900
-43
-114
-747
759
521
-634
578
-395
353
369
-341
831
384
-468
245
-357
-438
-946
-27
66
-872
847
-93
-487
-145
67
-633
234
574
-396
335
-913
47
145
403
-432
68
-19
-270
-580
-651
-54
-750
290
478
53
933
598
-336
-538
-780
-208
-692
127
-138
-280
-807
229
955
324
391
-154
-32
995
548
-629
-881
-385
352
-151
-408
258
796
-601
-896
-170
452
594
-573
-884
-945
-353
-535
921
331
328
-359
525
-887
-848
-595
61
-445
-69
56
-898
302
175
-726
-790
-976
-134
25
377
265
129
764
-726
-721
-809
948
892
-605
-588
369
727
297
567
-192
-32
719
-230
-972
-727
701
84
933
2
-741
-794
-231
841
72
794
-226
895
-521
-463
-832
-685
-715
-885
-794
-319
-916
576
965
-61
142
-228
907
-582
542
935
-309
243
-424
-819
802
-165
-613
-872
-768
17
922
-437
-89
959
100
79
-727
-57
-249
-520
624
-608
613
145
331
-246
917
237
-271
15
-271
-22
815
305
159
174
697
546
302
929
-881
-220
-509
30
-262
148
666
-431
-910
-584
-394
271
-191
-782
-585
697
-471
889
-66
259
-539
663
-764
-725
-476
395
6
-780
-503
-693
706
-383
-355
754
204
-60
-99
-130
509
-451
-157
-886
377
209
890
350
-94
-581
238
397
235
699
-384
471
532
140
-578
-906
-83
-524
-598
-378
-350
-396
-625
855
544
-167
-719
53
-61
-319
-276
-684
448
-386
666
911
33
-540
307
825
717
480
-148
-195
-824
-169
-101
93
307
-142
272
958
462
647
369
6
-964
207
-942
-467
888
-661
-594
335
-47
-929
245
543
-912
-892
367
362
588
-782
-834
321
49
-377
-587
914
481
685
871
-57
-112
-204
506
-518
-998
564
15
447
903
421
-218
-587
49
584
956
137
250
323
-944
-163
98
-778
716
-853
-155
-872
-940
884
371
488
-174
-742
841
-669
-260
843
452
755
289
-89
-268
628
-119
781
212
-163
-525
-539
717
-469
-145
-186
-690
-430
-482
-287
-744
-422
-404
627
623
-21
885
463
-133
-818
-138
876
494
-849
-657
-774
336
225
564
-896
619
-962
-878
335
-874
-465
706
995
-338
-776
-293
-82
-641
-140
-899
983
396
987
445
820
726
865
695
219
573
595
2
-92
-181
-434
13
995
-839
-308
329
-712
227
35
-718
890
-184
-454
-636
175
406
-534
157
-642
-991
-841
-823
292
-977
872
-490
596
23
70
-940
400
193
-370
394
354
323
-720
199
-894
-128
38
553
688
584
918
-138
-454
941
-981
-96
950
736
-362
241
759
-491
308
-89
533
935
-29
-68
127
602
883
-519
-76
-838
237
30
34
833
-417
-279
416
-943
584
520
998
160
981
947
-105
-381
-256
-790
-315
609
121
775
544
-909
-737
-330
693
-854
-292
-827
-692
946
-239
343
778
344
621
-250
-42
-239
827
-45
921
365
-542
-628
541
202
-418
-775
-190
703
-1000
911
352
821
-419
-399
967
289
-225
833
-209
536
-268
-875
-564
-648
-124
394
114
-741
906
-409
624
-637
-36
164
122
103
-53
489
-637
-496
400
715
-676
538
873
849
-174
-353
681
618
740
-588
743
733
-679
-825
-317
-8
993
-412
141
616
-492
-896
-663
187
-236
284
-324
127
788
633
-602
669
170
829
517
553
-525
197
-273
773
166
-973
505
488
760
-812
-964
752
-667
177
-75
-158
-162
262
-972
603
-898
-739
-714
447
451
-758
115
-823
-930
-368
731
-898
386
-543
875
-891
-959
-63
154
802
-318
190
553
15
-633
-523
414
-238
296
0
-636
398
-182
-792
-156
827
-550
517
-997
-923
706
734
737
91
749
169
200
790
-895
-647
591
-656
101
-299
-84
468
178
888
-771
-526
-113
-849
429
262
917
-727
88
924
790
92
-1000
495
-618
737
-858
688
-95
-100
478
-433
253
-375
-89
911
326
385
378
-939
272
165
-908
-842
-127
521
-23
-211
351
-935
-288
140
-286
-731
-809
96
-995
892
-216
-532
-209
819
-408
601
-1000
504
512
327
-112
-554
-55
717
168
-406
432
-960
-886
-592
-614
466
-527
98
-838
-256
-76
912
841
-70
803
-819
-45
-850
1000
547
751
1000
-393
-181
-117
52
266
385
-232
-567
979
-801
-969
651
-392
-583
116
-362
73
-165
383
997
-697
-220
-517
663
-39
438
813
-483
-458
121
-484
149
940
-43
-799
205
-659
-474
196
-680
-274
227
971
-109
201
-357
86
-727
35
-975
-730
-104
-638
-690
-442
323
749
929
397
848
49
914
-4
-12
-573
-246
751
-232
281
-497
-355
564
287
-828
-989
-513
-185
-346
-239
408
-320
-412
-697
42
-102
-139
923
-797
-654
319
-950
395
-211
-396
941
216
358
248
542
-805
751
-814
316
37
-641
327
524
-269
982
842
-862
-782
987
-559
-183
-115
-140
-261
-355
206
616
-747
-842
-596
-143
-902
178
772
-97
-281
968
-347
-95
283
247
-179
-833
-230
553
706
-831
691
924
-845
690
-260
-403
-894
480
-200
312
95
53
27
56
910
125
-767
681
585
-48
205
-763
415
-955
484
-765
-788
812
788
918
981
36
841
693
-718
-863
848
-612
617
-353
257
-732
700
-716
-118
166
-34
-328
-597
-449
625
609
-212
-404
654
830
-612
423
641
-824
340
178
-231
-263
-573
51
-126
-726
-4
-952
-522
-748
874
735
-464
-688
-100
503
-15
-139
-947
-834
-974
-602
-238
237
-773
150
-341
425
-117
556
-841
209
850
-856
-741
-720
976
-188
886
-546
65
760
-812
601
629
-354
103
-387
507
-287
-221
533
-331
98
-231
-547
-752
-15
436
-312
-460
595
898
947
296
714
-774
272
-474
-888
726
591
429
471
191
57
674
852
671
180
-879
-551
-731
-210
548
-405
-199
353
137
-764
-960
234
388
938
180
-316
209
407
956
735
519
238
-118
-53
-735
-928
-997
940
481
231
-324
160
238
-497
507
-658
98
-693
695
793
-457
292
26
932
-213
-794
-828
996
613
-873
287
-312
-78
-832
192
187
798
-248
126
-164
984
360
996
221
863
502
563
-483
367
-186
-691
467
-895
336
398
-108
99
570
-113
-732
254
731
-487
733
899
705
-80
697
-544
603
-468
-561
-38
-473
217
-619
586
-221
-101
-491
150
-235
977
256
-900
-69
705
-244
-942
-851
24
312
880
537
45
779
-202
522
475
255
-319
564
251
644
648
-532
582
-210
-196
-520
300
955
246
276
-233
-97
-794
-529
217
-736
-380
-760
134
-500
335
736
-722
-868
257
310
-56
938
-127
-805
138
-480
-780
-723
310
24
-243
-834
-465
560
-1
-141
-980
206
331
237
27
508
34
718
-993
-632
453
843
-942
-734
-291
2
762
139
197
-544
216
417
-267
-917
999
48
-751
-910
-393
249
-493
-816
-989
395
421
-405
-98
-545
-687
-533
-620
323
-691
-562
590
-424
-2
-92
715
-806
364
-69
169
655
14
-276
-298
-180
-629
-134
-932
-122
51
-921
830
-972
-768
-268
-517
-455
199
-579
868
65
-584
14
641
414
479
-87
166
-157
401
892
-946
-586
-828
-244
-209
-457
622
-140
-21
-771
-504
-192
-742
-272
97
-259
273
-705
-281
-302
-82
136
269
-885
-894
-252
28
272
148
986
163
202
-601
-108
958
191
436
136
608
972
366
-897
-664
624
-611
434
922
219
286
-802
474
761
334
-257
877
-3
48
-539
-731
-805
-553
-11
397
-597
882
-89
151
-126
604
-242
-598
-31
-581
-705
-851
-635
286
629
584
-428
827
58
-668
-283
358
766
714
-595
-773
540
-400
-326
-471
554
-366
968
-979
786
-602
625
-900
-200
-849
-481
95
858
-559
-619
486
-975
-490
-131
-360
-601
586
998
-835
-143
960
950
-604
-441
-820
-518
670
-186
-994
691
-401
-596
-128
-300
-239
23
-224
414
-119
218
352
924
-200
862
-207
440
818
936
-6
983
-208
-47
489
-254
69
669
228
-262
-517
-208
986
-361
196
-586
-104
958
-5
230
371
433
-996
-278
356
-196
-860
706
801
515
642
-649
498
991
304
-457
-264
-628
-788
522
-333
-748
-687
-791
-109
66
-820
345
-420
175
-426
508
-393
-422
787
521
-61
927
226
-704
442
-576
-353
-504
973
951
-404
-292
880
-192
787
-897
60
657
870
509
-720
-951
-147
-140
225
-16
-632
389
119
-846
-91
615
639
693
911
-363
-884
-443
-310
-912
-936
286
-646
501
-906
698
161
-289
-88
30
777
192
79
-814
-949
861
170
977
250
846
-869
716
460
327
408
370
964
82
484
-347
170
105
939
81
-395
590
-664
766
859
248
-648
635
997
432
379
605
-151
-895
582
-902
952
270
815
411
-404
-221
-662
-441
861
379
-231
-412
-516
-736
669
-354
855
562
970
270
-634
-679
-539
-638
310
840
968
717
946
549
815
454
-182
186
-136
-29
966
-241
530
826
-862
856
-587
-821
-881
640
-175
531
201
-649
-200
568
-770
262
487
540
-342
454
-187
-840
-441
-372
614
-66
371
-965
905
-107
-649
-9
-724
-511
-154
-754
-775
-477
886
51
-947
-356
-41
-589
769
189
230
255
-714
888
-734
99
-952
-618
284
219
317
-345
-189
-222
105
163
327
381
652
-828
628
878
-748
70
-515
-694
271
444
-283
39
-810
947
852
-524
391
675
132
-4
-944
-584
773
-70
-372
-417
266
733
746
-408
-329
-45
-679
856
-611
-426
-75
-126
-120
-804
875
154
-208
622
-343
-800
-903
605
875
230
-399
489
203
931
976
831
-487
241
120
-741
833
791
214
-846
646
160
-272
-429
-967
165
-676
465
876
-327
87
-911
-126
-259
694
-695
528
852
351
-270
782
327
-440
853
-433
681
-889
958
471
-118
-889
-326
-959
-604
-198
632
561
126
-347
-7
356
297
82
-771
-962
-668
-908
566
-816
443
-704
523
-231
-587
375
-106
-907
43
-149
122
482
-38
353
80
358
-846
-732
-525
-163
-78
468
-808
-782
-451
980
814
-562
-929
380
-378
514
233
703
-717
646
-366
-266
297
678
585
976
159
-897
328
-761
461
482
-936
493
876
-14
-40
-933
-238
66
604
-425
504
675
512
684
189
-699
-57
29
505
577
763
-199
254
-96
-667
971
7
661
767
-976
-301
831
517
-869
-626
-967
756
136
-344
360
268
717
34
-663
400
780
-362
900
-192
700
477
-873
-500
-713
31
-610
815
-963
-950
581
619
-694
-31
135
-563
343
-275
-807
-965
381
553
-140
98
-857
197
-946
924
393
512
-269
92
-12
-584
593
-168
4
983
-353
-401
591
785
-783
454
-247
-90
892
653
635
642
688
-427
194
-452
671
337
302
282
-183
-306
-207
106
787
338
522
-64
-830
-475
-525
-183
124
-935
-399
-101
77
-88
809
-32
-436
443
-391
810
-985
360
915
243
-747
216
-918
71
911
-568
734
254
771
255
-811
498
337
-336
872
-982
-713
-528
-83
364
-59
-275
889
506
725
-946
-128
298
-29
-214
-903
-219
559
-821
409
26
-831
142
-721
497
954
-975
-6
291
-310
-135
309
-466
-106
-775
455
393
-493
343
-545
-769
-46
327
529
925
670
184
-295
228
363
-886
812
89
256
-910
-415
210
-884
136
-943
-637
558
-77
-546
-548
-295
909
845
212
-192
857
0
762
183
-914
243
-591
270
948
194
-811
619
5
279
-568
-347
421
199
-674
-443
256
-311
-886
736
143
-877
-560
-392
525
652
416
381
-792
177
-437
-706
-581
-471
564
924
724
754
100
-272
32
532
381
-548
-270
707
-434
543
953
-319
278
-348
-639
718
260
887
-74
-325
-176
134
409
388
-14
385
474
-451
309
197
-698
-592
926
-109
497
-137
-99
-774
-430
467
326
-921
705
-397
-268
-934
878
992
510
-640
-776
-667
51
633
278
-964
18
-248
-414
884
949
-555
849
874
337
345
-263
795
128
-136
261
-547
-57
-477
-387
232
-411
-953
-219
-902
-593
5
989
458
-806
267
495
-231
-982
638
-348
967
-918
-500
398
-24
402
692
-230
-471
-445
-969
-461
55
-446
-291
845
-300
-244
-375
-645
-280
187
-657
736
381
167
-213
708
185
-576
-641
-291
-937
-583
664
40
376
355
810
463
467
398
-999
-922
509
-732
923
766
-419
-453
-880
-141
291
-979
-406
-328
188
381
-621
931
362
-705
-804
425
-731
860
-979
646
214
389
108
-763
-214
-334
-685
853
-66
-762
175
73
-658
-147
932
634
-126
-475
863
619
463
-759
549
-619
-907
745
806
-637
161
385
566
932
-227
-327
-832
116
-104
-516
-32
831
-721
701
-540
-379
-447
-609
-746
-16
-527
-884
-398
936
915
709
-684
566
10
679
929
729
63
51
660
393
724
829
-491
-381
870
34
-994
-852
-266
-534
-231
-156
-586
-419
828
-113
-303
988
-621
-831
696
-748
735
-738
489
220
991
-892
-730
651
502
994
36
-990
-831
-95
-399
734
53
336
-801
379
-821
-386
960
565
58
-786
552
438
-617
247
690
-883
66
178
-106
57
287
164
-736
-655
-286
300
-645
-560
-796
-487
-827
-186
849
-627
-808
586
-456
710
150
159
924
-299
-404
-694
505
844
981
-873
-422
-569
184
422
595
5
767
866
862
679
-695
623
-808
-521
-564
598
-591
-814
183
-490
896
890
669
819
-853
-735
682
209
666
219
337
-757
650
-923
223
-199
83
-11
-334
-56
-332
-472
-876
-583
7
-440
-986
-27
-697
-245
483
-802
-799
152
574
-651
-26
-188
558
-361
588
-549
-561
-206
-471
662
595
169
-349
818
-888
-124
-654
794
-150
-90
-646
-579
884
-786
176
366
-587
-65
-926
544
284
48
914
-602
687
501
-150
684
-705
-64
345
447
-896
553
-178
774
986
-275
568
-165
635
479
257
518
693
990
-559
663
-76
-485
-236
765
564
-323
-837
-193
-823
-430
-953
-971
506
393
34
167
-55
856
-60
-69
-420
-493
323
-786
543
-421
290
236
-431
288
-102
493
803
662
258
-77
896
-22
288
631
105
335
660
-833
-716
-750
334
230
-895
-727
718
-758
-662
-403
-986
881
177
304
-327
303
-852
572
-648
951
-210
610
-569
-314
-856
276
-684
-194
-390
533
-27
-105
784
-694
682
446
-863
-44
689
-968
553
703
470
-271
-437
-857
589
-289
272
942
-782
619
108
-794
-696
253
482
-823
-942
-908
268
-411
-456
-392
-548
-775
-947
-854
-262
299
-822
-710
-442
649
-423
-322
349
-835
-54
-380
-894
165
-762
-228
-72
-900
582
-590
835
197
-941
102
786
-840
267
-762
943
321
-616
-320
-824
-880
-30
-265
326
104
413
-326
-173
-641
-149
-67
81
89
262
-992
-254
-157
976
-419
-960
592
240
826
752
-493
621
694
385
-995
931
561
683
-542
-705
8
562
266
682
-612
182
-468
-121
-738
178
698
828
925
-459
361
-938
-419
-491
302
964
-739
366
585
512
-250
147
0
-689
-171
458
-837
394
-424
-14
75
-478
-833
164
-42
987
899
-345
815
823
196
-268
442
334
241
-699
298
59
667
-561
-872
-583
143
128
-715
529
-858
-995
-78
-282
-8
554
-203
159
-283
755
146
-385
-590
-483
996
163
-194
437
-946
604
295
-91
-337
-38
348
-209
-64
-953
476
221
133
618
226
-946
893
775
608
-310
-66
882
-999
637
-947
969
711
-952
132
-484
43
186
-881
-663
-906
-661
-144
-1
-313
792
-397
-838
-431
736
780
353
790
230
127
-46
920
618
-608
921
-189
-555
447
-922
-949
-422
-849
94
321
829
-12
-28
-833
402
528
-145
-250
-870
17
320
423
-646
-771
-231
584
-87
723
60
-912
-886
-463
-101
-884
984
-22
-833
-882
129
-182
-4
-43
807
968
-318
-235
52
537
515
182
-890
-166
-839
-979
-380
-70
162
534
-348
-779
622
-677
-684
-923
-560
857
55
-836
976
742
-17
-472
-745
-654
-504
-63
111
105
-970
-375
845
699
17
-995
720
637
-64
-561
170
145
-783
-209
26
-467
-574
23
948
481
187
480
-221
-831
-993
-408
-485
-497
86
626
609
117
809
453
-628
-175
15
649
-539
951
-913
632
96
-695
980
679
-605
-595
-299
900
444
888
379
780
615
387
-629
687
447
458
-130
55
-869
-322
-936
-497
503
-363
709
964
-413
797
152
240
659
-311
-82
611
-349
176
511
-906
64
-111
432
-765
-725
803
922
723
260
-652
-666
-52
26
957
451
-472
-407
160
-951
-263
-487
-242
978
729
447
-548
-104
656
629
964
307
-751
-147
-262
-959
-315
-459
520
965
358
869
857
-694
-106
370
314
-20
520
-970
-414
-744
-900
-99
791
386
-652
-757
-718
561
429
803
-133
235
-788
606
276
-102
704
-205
-581
-382
-780
833
-519
115
202
353
652
-279
383
-763
-22
41
138
-675
-574
43
-875
-735
-840
554
-932
28
-655
-720
-810
621
-265
451
974
155
626
-807
-456
-893
-135
747
460
-484
-533
-601
-690
2
440
6
328
867
606
453
689
767
-436
757
-649
-91
595
-902
-913
-671
106
-940
41
-269
811
586
-162
-324
332
855
-251
356
-746
-383
-642
694
180
243
117
-215
-305
-194
-892
-184
-881
-984
726
714
-886
813
-957
-223
430
-359
509
-203
-774
904
473
115
759
780
-529
-988
-604
-614
263
576
629
938
918
881
-257
584
-303
-581
600
-578
-867
272
792
734
-952
-222
-626
557
575
-842
18
-395
273
-224
942
744
-655
895
-871
608
27
758
545
-56
196
845
-916
893
-736
685
872
955
-487
663
245
-439
998
619
676
572
334
-307
734
-393
26
675
908
371
569
-963
-22
-405
352
-920
97
-453
925
181
997
746
-578
868
257
-65
87
-499
54
84
678
-714
-344
11
-21
947
175
562
622
83
-68
-253
-323
910
343
-972
547
997
-867
29
177
-871
-226
600
555
589
-909
-359
-911
145
726
324
431
939
-665
967
885
510
528
506
-851
-541
-747
-174
927
153
-145
473
149
-455
-942
883
-769
-610
482
786
979
574
-573
-933
-725
-848
-51
707
648
284
673
532
-650
-242
-405
-943
217
-595
-117
-300
558
295
731
-737
840
789
-855
629
-822
185
414
-844
-242
398
782
33
107
-270
-704
-246
571
527
844
478
-716
-562
535
58
-157
976
316
958
270
46
-780
-333
-609
923
-705
-430
107
266
-717
422
-779
622
-988
-115
909
-692
640
36
392
40
-929
676
478
163
-709
878
138
607
835
-592
-348
612
-368
43
534
-516
170
-802
750
11
620
528
-368
632
-587
-902
498
610
134
-111
-351
-238
-878
-874
926
-587
561
63
577
-48
28
-772
-437
660
-172
654
-857
556
409
451
-434
29
-22
-245
-783
-52
-147
715
-443
545
-839
206
-694
-717
-111
-769
-747
-551
-148
830
401
880
615
521
97
-558
-268
-203
555
-860
-753
-880
169
-217
-124
-56
288
286
-342
846
-170
-181
51
137
-341
498
-75
-88
947
777
-259
-95
657
-645
-575
-690
-645
157
107
467
-145
-88
588
-977
695
-980
-476
-18
-137
183
-616
694
559
-7
-613
776
-510
312
-756
994
-354
-14
-102
-698
-102
-119
-831
-190
595
276
-723
-551
-813
422
-970
439
-1
-446
979
862
294
-638
112
-590
355
499
-815
845
-632
-571
396
14
-28
-707
-127
428
174
42
795
-674
-683
629
-225
-938
50
-638
501
-952
-83
479
468
768
842
-421
-823
-247
-922
920
-845
-997
907
551
17
-565
844
447
863
-425
-955
215
-99
920
-157
233
982
894
596
40
499
-931
-482
-34
837
917
103
572
-330
-262
491
-175
-259
-46
933
315
390
776
-239
-191
908
-194
-977
-635
-718
-576
599
-736
875
-249
304
373
-180
379
897
-787
296
-1
785
523
737
-167
905
-966
787
837
349
-267
169
667
543
77
-971
123
-1
-689
104
-846
-425
-22
-95
436
-649
282
-628
805
496
668
-640
-163
-253
654
670
-792
688
457
602
36
747
-230
-298
-154
404
-269
970
-597
-401
-370
-443
175
609
20
-833
517
859
-461
321
-89
764
238
749
-933
-109
418
-725
-865
-569
877
171
-822
-796
430
24
608
718
-450
568
-684
-262
683
48
-654
-298
-227
863
-883
312
-260
29
-367
535
-666
-300
-575
309
-467
-440
741
967
288
476
-830
-726
-944
779
549
-836
-97
865
-98
-415
-530
248
-156
243
-333
-38
-889
-36
548
-699
-502
882
2
-520
190
535
-403
-513
501
885
963
229
716
577
-436
264
741
467
-315
-801
-948
-288
447
-547
955
671
415
624
-366
-38
925
132
-157
-517
169
-967
575
766
-480
-367
650
-960
862
-78
617
-575
-815
-86
449
-573
113
501
140
-884
955
-349
787
-74
-726
978
446
757
-334
-712
-761
835
879
372
600
957
-996
-194
554
423
728
-273
848
470
641
296
897
-690
-646
36
-574
866
688
770
-209
519
747
-764
275
-588
-918
72
804
518
-557
403
31
-996
766
-416
427
493
311
-169
-481
-492
-874
-585
-182
-963
9
-199
903
-747
-430
-749
772
-684
-956
-396
-715
684
676
-912
202
676
48
-768
680
-187
-626
-337
863
685
494
-619
-807
177
-646
-432
215
-80
370
-326
173
940
-518
-56
814
-473
105
-902
768
-663
745
-31
-988
-208
-241
249
163
133
469
25
-626
-38
-36
-876
-861
-125
-307
-89
795
-938
585
-476
559
-933
25
372
-849
-870
28
919
-533
-671
-555
-963
-322
-239
-157
841
894
-688
-577
825
274
387
950
-30
-739
-358
881
613
-739
466
-864
377
90
161
-251
241
291
334
-284
316
663
161
353
-660
922
-805
739
372
-493
-839
197
339
548
-297
-692
366
-98
747
-465
-280
-231
-772
-904
859
389
-598
-344
-763
736
372
553
-45
-910
-538
-147
569
-343
-409
-59
-278
-248
695
-940
857
-603
926
-221
-144
672
-129
576
-560
99
672
-702
-513
-926
-489
-719
367
884
391
880
531
853
-268
99
-933
-120
-961
-211
189
291
-594
45
245
-669
381
-900
-997
809
676
-1000
-93
348
857
-49
-21
-633
233
-655
808
-377
-776
338
-967
-487
-563
-900
393
-524
-111
-419
325
295
183
-431
183
-880
-330
186
929
-655
-256
-165
250
-400
344
786
-33
-424
689
-225
-244
470
-888
-211
984
-451
-554
-67
-417
-108
72
908
-814
812
-967
-73
933
-297
-888
418
-394
-144
-747
413
13
154
199
981
730
-113
-688
-958
914
982
-611
454
-912
-165
-613
-329
728
459
-865
471
270
-832
-603
-241
-571
-933
-823
35
-520
988
-553
494
141
203
31
-573
647
343
-531
561
324
-585
14
412
251
-42
640
-465
974
775
563
-199
501
961
560
930
585
294
-479
-936
281
-32
115
979
729
-855
-595
375
488
-568
-508
-631
-153
64
781
655
-979
-22
-811
553
-691
310
-647
810
270
470
296
-589
-236
817
-968
602
-658
148
138
-930
-150
543
2
896
975
495
-736
-621
-442
602
-967
-864
-421
781
689
-111
90
599
-745
917
69
552
-673
390
368
-641
-452
267
64
686
337
472
229
-661
367
-240
834
188
-304
949
-654
-270
642
-74
-490
331
372
157
-514
184
73
555
-708
-43
-499
218
-127
50
-516
938
-708
822
-34
78
718
-668
839
108
520
-909
56
866
-179
-303
-652
-112
585
277
602
-929
-982
-326
183
-690
631
242
528
-939
849
-988
556
-860
391
-479
219
108
-147
-386
-785
930
-295
-172
352
84
82
258
529
-776
-909
131
853
-891
362
-408
-580
-450
834
505
-389
682
74
-834
380
-536
-313
-402
572
97
-231
344
-417
31
-829
935
-886
-189
-251
201
35
-159
-669
-113
-493
693
479
-516
800
-130
990
-590
-892
63
-424
488
85
-180
643
-344
474
969
558
-944
0
729
549
114
-904
-703
-686
131
-305
-798
575
203
453
-389
687
252
38
233
663
146
854
796
-809
-62
-827
391
151
647
360
-292
704
-641
995
-191
30
-910
106
-98
-221
802
-339
-647
-439
-887
-479
-753
366
559
38
-415
-738
-109
938
-547
829
-890
401
-464
315
-240
245
-425
-324
239
384
264
329
-954
723
665
848
-617
-982
-592
-503
-904
-787
420
213
-192
562
475
699
499
485
84
167
-115
620
-962
203
-579
-387
879
660
554
-301
-454
600
-579
-790
5
-195
786
413
-141
883
183
836
95
991
397
-874
246
-548
611
887
176
-948
507
214
255
485
384
-309
145
-63
390
691
-463
369
458
542
731
244
-489
-854
-317
252
982
335
242
-65
461
-955
-56
-372
932
-880
-320
-5
-109
493
-520
-725
-817
625
212
130
-128
306
-502
-671
-596
786
130
-527
932
370
725
913
-739
-34
-596
279
11
349
907
-500
26
-856
495
917
637
975
-809
377
156
-39
-494
-973
-734
-438
915
-772
-653
-399
-299
837
529
-575
306
790
-52
711
69
960
-384
-25
-984
642
119
511
558
-688
486
750
689
-359
-733
753
-774
-467
-686
698
-682
-782
856
19
612
384
444
-82
174
-608
-372
-758
909
244
-226
925
-558
451
-8
1000
763
-523
306
9
-324
573
-239
-541
664
-368
-844
982
-150
-989
1
-981
-47
-999
-63
-874
951
122
-632
859
-635
-301
340
-636
-851
-668
-637
470
-634
227
-522
-401
-201
239
58
-981
871
-229
-999
-723
-660
-441
-704
293
-440
233
-24
-489
912
-99
927
834
600
-176
-803
307
-287
-439
-224
-364
788
254
-207
-857
-951
851
-837
920
-821
-836
754
-924
-720
608
-74
-160
-603
902
-92
-691
-198
-608
-858
959
-227
-660
265
43
-99
598
679
-755
-149
-529
-612
-100
880
-449
-624
616
-728
-870
249
-448
738
-826
-50
-866
633
415
-557
992
364
-414
950
-864
-517
-228
179
384
-631
-585
186
-222
-557
131
678
880
240
612
495
512
299
-257
622
36
-526
-872
-273
-894
543
-272
655
-93
-129
162
-400
354
934
337
-706
860
309
480
-363
752
-390
873
632
850
484
126
-81
-218
427
-903
375
458
-775
659
122
325
-614
-224
-769
-186
938
-611
-833
428
726
-982
288
34
55
482
-658
223
354
974
-371
-606
-343
548
-267
641
202
665
98
427
324
-781
-248
267
-4
-460
-919
-510
-514
806
919
-789
382
-237
-198
-564
802
-298
659
-287
-325
-712
107
-111
393
398
-471
-405
62
185
579
943
404
-670
-233
957
-572
-152
-996
-86
-790
480
-317
592
-758
42
586
601
744
244
-687
-581
89
-22
-135
-961
-625
395
-366
-6
-864
-788
-506
540
-900
261
54
-472
666
58
442
876
-463
682
25
-664
-276
-390
937
-533
411
-750
-557
-943
-215
309
-904
160
-740
-270
711
-604
-501
-796
493
-401
465
-454
-316
-313
161
684
-437
255
365
145
591
-912
312
85
-887
-278
-108
-444
-221
677
422
-568
-607
682
162
-897
635
219
866
128
375
-113
231
-941
575
950
300
695
204
-779
-161
-648
868
-850
437
981
-571
886
-907
209
562
516
198
512
-246
-640
615
-611
136
37
74
-490
925
862
-874
56
368
-17
-250
-428
205
589
-519
72
296
475
-391
725
360
-298
-510
-522
-783
689
990
-471
606
161
-82
-259
-802
549
-192
680
-33
-65
-265
-665
475
485
-536
-321
-370
-55
308
926
-581
917
650
779
-381
698
-744
-607
386
-755
-521
-9
406
-46
289
161
-498
-904
-160
27
-412
575
362
-937
-384
383
-701
246
-673
608
-272
-697
524
936
-919
700
633
895
651
-425
697
-871
123
-341
84
-589
821
143
-936
-783
-831
-347
350
88
-727
966
-530
-428
-231
-646
737
497
-343
261
-11
-705
-483
-379
-811
725
196
443
412
876
-898
-505
-714
480
195
-649
254
-78
-439
-397
-991
-609
-874
-963
-37
-105
-609
-300
949
49
518
-62
344
592
116
91
317
870
-467
-272
745
-808
-220
589
229
532
940
-517
-547
-943
-357
-980
-552
-231
615
-32
664
-995
225
170
-389
-258
665
513
892
-220
-840
-235
-351
-750
50
952
-557
387
540
229
-82
36
269
-71
-350
913
-494
98
-319
-880
623
903
683
-152
72
-706
147
-264
364
-405
73
524
360
280
774
-591
231
774
796
-673
3
-729
363
-729
200
-988
741
706
-333
-578
383
847
-676
65
-749
-47
359
399
246
-721
551
-682
803
-89
155
