-132
397
-424
769
981
458
-966
-35
-431
91
456
413
621
-353
-579
-992
-692
-756
439
-70
896
-742
781
154
-629
-254
871
790
161
720
457
586
-326
-968
354
-346
47
-54
176
617
594
-369
-414
214
-165
-436
223
144
-192
-782
-927
-739
-966
854
-28
-595
-843
-158
753
-125
-438
209
-540
-207
-202
371
4
403
-684
-821
-424
468
-633
-281
-319
203
283
461
904
649
680
977
467
714
388
-562
676
545
281
-15
-581
400
-807
-564
-808
-451
807
-247
509
681
-68
-916
148
299
-197
386
-942
643
-153
962
291
-917
496
-243
354
-117
-247
29
985
-967
-986
961
433
765
-604
182
871
760
935
379
440
-577
20
-856
722
380
531
338
-420
-623
299
871
-540
-206
-815
814
677
-62
-601
218
-472
971
178
518
293
574
-744
163
334
748
-901
-670
-830
-324
-968
449
614
563
-214
-807
497
643
621
514
-564
806
-116
671
-700
283
-112
-615
-189
-934
460
-897
197
716
-177
-913
463
-78
976
190
156
-993
-361
-231
127
-18
-38
-377
-376
-418
-864
-382
946
-423
-712
803
860
-267
-812
-773
-644
648
-670
554
-79
-289
198
941
633
173
131
-655
-263
327
114
864
-692
-925
-957
-510
-785
-821
-335
-840
-244
-47
963
-827
243
708
958
600
356
-712
-290
834
-1
465
774
-812
-805
-96
-466
-68
-770
205
-647
-904
281
-604
-857
496
-867
-192
213
-554
318
175
-381
-883
-117
-866
717
796
980
984
629
-22
6
402
-277
201
864
-186
690
651
-981
-958
304
-143
997
4
910
-871
812
-321
-425
-314
854
-248
-196
-707
-114
-923
646
-135
619
-169
400
-376
791
680
382
654
-506
71
304
-930
-329
-835
-516
-333
169
951
-204
-462
-371
-72
224
-961
680
585
891
-878
220
536
-13
-162
925
-614
19
715
624
-600
368
675
471
-772
302
-859
-607
786
-635
120
293
161
658
479
647
-562
518
326
-977
408
449
243
-499
993
638
983
937
-344
697
560
56
-379
234
-917
-151
-465
783
-200
878
-853
477
170
-134
134
-352
-488
129
723
395
152
-312
-600
952
-254
-607
146
-272
-671
802
-576
889
-586
-398
-321
-945
8
214
838
365
91
542
-159
818
965
532
-978
-524
-339
745
429
370
-568
829
-121
178
779
-976
463
-893
384
444
553
798
-955
-769
853
54
2
247
-582
-908
-211
260
467
-247
-652
489
-213
9
-209
773
937
223
601
-185
959
-63
-161
-22
44
780
-578
-403
578
-533
-615
-13
521
388
-766
497
37
-420
-687
-496
-110
-339
550
234
671
-660
6
164
121
-836
979
-364
101
-626
614
702
-846
-965
856
289
-940
-759
-725
138
629
-934
-366
-778
-797
-53
-274
94
609
834
885
-164
731
-109
1000
-149
-388
535
44
270
909
-342
-29
620
-750
-173
-92
868
-375
-259
6
811
-636
640
-968
-432
-856
-684
219
753
-851
103
-855
880
551
702
-712
-838
236
332
-11
-299
547
961
-679
355
-656
-214
222
-474
84
-773
-664
449
425
-632
574
569
-759
-208
-122
-610
895
23
828
446
-719
-885
165
517
4
-846
-783
-892
672
-905
463
573
-118
-759
-902
523
-974
992
-29
451
-641
-456
-424
-399
-107
454
-452
-212
-967
-625
791
-686
-953
-488
831
-391
-777
605
-283
895
258
737
24
697
535
122
219
561
113
-810
-432
30
-709
144
188
185
-403
293
530
-813
226
-123
-499
273
389
889
439
613
51
713
507
-692
449
-912
-996
-459
210
223
-899
881
-30
-773
-533
-181
371
212
561
526
-496
90
713
730
524
772
-440
-88
217
999
-476
-733
712
589
-868
-283
677
694
-185
-557
-526
-526
881
1
-299
-653
820
-929
559
