-397
651
-293
-409
-187
-858
155
238
115
-126
-397
-894
249
496
-889
-119
342
-677
388
-765
538
749
524
858
-304
-907
-49
61
-658
856
195
-55
506
460
93
876
602
806
-329
-284
-321
-169
-178
485
-674
-510
-635
226
-630
310
18
909
-385
-901
766
311
750
-727
-628
-909
-872
567
-407
635
26
687
67
-373
492
738
-99
-830
-431
280
656
-548
771
578
678
-860
-112
-747
606
503
-648
371
-186
-899
201
-257
751
330
-691
-657
-479
-107
-971
588
77
78
-117
978
249
9
258
-539
461
28
596
-304
-275
-517
-51
-669
544
-142
259
915
-484
-540
-343
-734
347
-477
-390
425
-27
-804
-431
-950
275
452
-973
-920
-540
-158
-902
479
427
694
-826
-848
735
-320
-960
278
538
-144
-251
611
-127
-37
878
-781
486
-956
201
-541
798
771
-934
-371
-221
-907
-734
-203
-507
-636
-725
920
616
-994
629
350
-314
669
-816
781
-475
-510
-52
398
453
-175
175
-505
-574
-625
-489
-776
703
-423
-590
-518
-772
-323
-164
-279
-402
111
-360
-787
-326
-731
120
-83
495
-139
-303
-981
351
645
-25
-640
-973
-851
-144
-990
-476
367
792
-773
945
-798
-734
-828
-564
102
-550
34
770
90
248
-557
-84
925
360
-589
-214
614
988
694
-185
-38
-946
-601
111
-533
-590
193
834
-799
-23
335
961
-200
507
-604
902
514
431
228
-396
-765
671
77
-841
-413
488
-498
758
476
754
-428
-563
365
-471
106
832
-61
856
222
-303
-168
-443
-785
632
621
-389
90
135
599
-683
296
834
545
-628
551
-869
861
610
446
-107
-80
575
-113
-716
-897
993
-885
-401
848
-105
-146
-764
452
69
425
72
680
-486
764
279
-169
59
-331
933
432
777
-937
-151
387
66
742
-694
-359
-372
-409
-699
-822
-737
-99
583
158
755
820
-834
-177
244
-204
-941
316
-441
338
-854
619
565
-921
-393
341
700
456
-273
-677
197
-409
-36
382
-261
265
560
-441
723
-300
275
477
-481
441
857
320
-764
917
-365
-647
-189
-661
529
933
976
-865
274
232
148
558
555
902
-852
-925
283
-556
-102
-600
4
-380
100
-722
655
176
719
511
-948
513
-16
-312
423
353
-416
-49
285
-441
-357
-442
348
791
674
-97
692
822
-465
-469
824
433
-512
-173
-947
588
105
265
-680
-620
-225
-627
450
317
-382
-128
-331
202
380
511
318
-978
-931
-335
813
300
568
61
-322
661
593
-499
93
-920
328
-297
226
990
968
546
928
-700
476
377
617
-907
807
843
295
186
353
-831
209
-21
-165
-422
-722
960
640
-43
620
-211
15
-287
-131
-657
416
-906
890
384
198
817
241
-327
-249
-143
-676
-886
-744
176
-143
166
346
623
-855
-820
-799
981
-861
398
-506
317
-814
67
-971
-388
410
2
-736
-144
943
462
-770
183
692
-19
597
-985
-348
410
-251
509
-424
-906
132
-722
-726
-110
816
971
-713
-690
287
-970
377
-127
-358
-657
433
-94
-244
375
925
-14
-885
174
524
712
189
-825
122
938
242
698
589
-627
533
420
-180
348
391
-336
215
-766
-306
-409
-335
-107
-509
-903
357
248
472
281
791
587
-546
315
-144
201
47
535
-305
-712
232
-716
-782
-679
704
38
669
-349
702
-116
-557
953
32
-335
-597
524
-238
760
-672
791
40
-882
-65
52
-10
348
-748
-963
-118
-496
-675
671
-655
-456
992
607
139
660
-743
-602
-457
-743
-650
133
-78
-247
-344
241
-488
-459
32
110
-784
524
719
207
-129
528
244
753
-969
569
423
-623
670
414
984
-191
-370
798
207
-269
613
114
864
-466
425
-924
776
494
-383
-636
-840
-610
888
879
597
-242
406
-160
-490
438
967
490
372
193
-540
-88
-999
90
-291
-235
378
879
437
241
-587
-139
317
746
912
491
-891
-928
882
997
951
35
-689
357
433
-622
-649
399
868
723
-409
885
-366
-850
-26
-100
-85
910
-221
909
150
-251
-231
-976
-506
-319
72
-840
-247
-490
-844
-740
546
-976
174
-22
-598
525
934
827
-196
-476
711
-5
-769
-759
453
-296
-850
-769
-388
-142
-463
382
-118
-412
620
954
-252
930
-979
-539
747
567
-515
-79
-456
-556
-555
-523
-730
250
-442
538
-756
-210
336
697
494
487
485
663
-656
579
44
-217
-834
-780
-707
-86
707
-686
375
454
438
417
-626
982
861
-181
-985
688
626
-869
225
428
-522
-439
-319
529
605
724
191
506
302
793
-712
26
-988
-862
940
720
-547
-128
-270
891
-712
104
430
-851
480
2
837
106
133
-381
-910
168
-263
-672
-304
-659
-949
445
847
-89
237
692
937
-194
830
433
-918
840
-696
-188
731
-407
916
-283
-701
-47
719
693
616
-591
-689
706
134
-395
591
831
-54
643
275
-651
-890
-932
-960
-954
-126
428
36
-43
267
341
326
-3
491
-201
271
790
752
-10
39
367
-44
-92
-371
-911
513
-781
477
-541
419
-692
-635
529
-624
-594
132
-192
391
-832
322
-343
66
-353
212
-444
446
-518
903
197
29
-59
-880
542
849
-251
632
362
-474
-335
378
945
-26
743
474
-93
706
-838
715
96
888
36
754
-47
241
-478
509
-314
4
411
441
591
910
118
132
758
868
-680
-324
951
-14
-947
895
517
354
-75
-577
59
88
696
713
-468
-712
23
486
529
545
-449
773
-895
520
213
696
429
-670
-172
-257
755
148
420
705
691
473
157
207
-617
-919
188
443
-274
-117
-288
259
171
735
-699
-300
279
-148
-528
384
929
242
-363
357
129
465
658
-559
-831
77
-855
861
-894
302
-376
-510
-59
812
490
667
-749
-799
-518
-20
493
-217
237
-229
193
266
712
121
-493
906
-965
193
370
693
634
97
-674
337
-486
-568
-805
138
-78
136
-493
-589
-640
-685
-831
-158
295
662
183
-469
990
933
797
259
-390
861
164
-798
54
-466
895
-756
188
778
581
702
-790
777
-161
-311
-531
-97
101
-171
219
270
229
-487
-511
-589
-398
-522
901
956
737
-490
817
-99
-287
-573
-8
-836
-329
-821
943
-748
881
710
-972
-724
-602
-503
180
56
-116
956
884
-888
-975
-628
-920
-373
-150
981
-860
-413
-953
957
45
-240
-617
-964
-518
54
-785
-576
-137
653
691
-109
929
-912
-54
-335
145
387
-823
28
56
761
400
136
-613
-751
-327
-916
-607
-280
-960
-5
38
-577
31
520
35
-197
501
898
-545
191
-654
942
-164
-151
-837
981
-765
-659
8
291
-899
965
984
-955
772
-344
-870
-836
-67
728
160
528
709
748
-396
-257
-449
662
-803
-437
-591
-457
-496
246
-51
-775
226
184
-877
792
-969
782
756
-986
384
527
-773
71
249
-282
-201
966
-755
-936
713
-593
-636
821
-932
-439
-616
-522
-338
-555
724
611
-773
-494
-648
-650
-703
-617
-869
611
956
73
-306
740
-857
943
-543
-501
908
-297
-437
178
-333
-73
-2
-265
46
-61
-230
708
385
-950
-125
612
-443
-216
520
-589
-275
208
579
-320
-720
-727
-581
982
-785
-566
-520
681
-306
-399
-142
361
528
413
-905
-870
-648
-134
395
294
-84
828
-538
30
-389
982
-1
336
190
-423
573
27
-150
550
8
66
984
489
-697
-766
647
161
595
-269
-870
690
-138
-518
-888
-744
776
-414
-917
796
616
-305
777
-829
588
-477
-251
-282
551
599
825
-885
-779
365
161
-476
599
-193
242
193
539
373
-561
-600
412
-448
-787
188
-305
-703
-17
868
-451
-684
-961
694
-603
-212
969
948
944
793
-938
-835
157
-219
-754
-245
588
489
505
126
-582
945
83
830
-947
-146
-426
-252
151
114
-385
257
431
-789
-493
828
-1
-524
332
-500
826
-49
-335
-17
732
-89
295
-123
957
-200
560
-626
-256
-357
-796
-203
497
-222
102
-796
893
274
18
-120
486
82
-736
-959
558
596
-459
384
-897
-237
924
836
675
218
-731
188
-983
829
563
-682
-972
324
115
525
659
774
286
108
48
861
988
-910
-57
-749
689
-943
404
-770
-2
65
-7
-79
-543
-776
-861
-274
413
714
-446
-468
-968
-417
856
-296
665
71
-965
-492
-821
83
-632
-834
-270
311
976
-582
369
-64
-795
-634
-1000
199
-155
-543
-20
-459
183
950
-746
295
-519
844
878
894
-895
99
-35
-860
607
144
-220
976
-133
67
-157
-601
485
769
336
691
693
-107
-554
-463
351
426
78
-910
-67
-111
-58
-29
-710
-624
-135
953
476
387
650
-361
-913
987
-829
-489
53
15
-89
-463
-660
804
785
-968
-304
788
-874
604
214
-239
252
704
208
-807
-326
498
-430
539
450
603
-518
-344
-759
-874
-358
-587
-362
695
-15
549
789
325
352
131
-85
605
-82
-402
209
689
360
-540
392
-433
-790
-934
622
-220
162
-372
-618
645
284
-819
771
926
-406
966
177
579
514
-35
-540
-578
-905
-68
-973
-429
531
-207
-741
-110
-190
652
14
20
275
-365
358
-564
-180
740
638
-897
478
-34
586
-929
-69
-238
207
-998
284
225
-576
-63
-844
-992
508
687
-642
324
-867
168
-25
147
-812
807
339
546
801
-842
-158
438
-739
-680
961
404
949
-108
-835
156
-549
7
938
-568
944
-907
-559
8
338
-201
-669
471
968
-136
-825
713
-330
514
-185
-530
230
657
466
491
534
426
-548
483
875
-383
-805
-675
181
-868
-242
124
-775
-244
689
120
555
-980
-409
79
-559
-677
-652
111
394
163
139
-377
-623
-839
-886
911
587
-877
393
19
-260
588
344
479
277
659
-398
503
-586
849
-821
527
869
-673
-838
867
-350
-489
-23
-956
231
673
-333
608
834
-662
76
-22
-539
-532
997
-241
614
-103
-763
-110
-444
-604
950
-473
-756
-871
-947
670
-544
774
536
-336
842
-930
-292
72
300
-68
-763
-309
271
313
669
289
338
665
-953
-49
-882
842
399
-326
796
348
-241
-961
34
-188
267
48
-858
-641
269
984
987
534
56
287
-535
-150
978
293
-838
646
-861
500
-133
744
-549
-458
586
407
-226
381
-689
533
-23
346
902
801
951
-956
-840
219
-973
-854
-691
-360
-10
-226
490
-33
625
652
-831
764
-291
-407
507
160
136
-351
-877
910
587
-566
-1
-879
337
-100
922
287
-56
639
-938
-471
343
-629
169
-668
-297
-784
-143
-673
425
-417
648
-867
-266
-289
-150
427
361
-27
-107
-53
408
892
-375
-699
-209
-453
589
293
743
208
822
-358
137
-453
-468
840
-237
389
724
746
529
371
879
-738
-919
-271
246
-1
702
-862
504
-334
-971
-872
-32
-622
-768
-887
228
976
-122
49
-383
-986
153
149
854
474
-906
134
219
181
-496
97
443
-857
383
-754
142
-358
-616
-798
-135
972
-669
833
907
-437
503
134
-905
-619
-818
-730
-605
-108
419
807
-635
71
-60
141
-749
2
796
251
145
178
497
844
377
882
-954
-758
410
-623
632
316
-503
135
-551
-407
73
-812
-580
25
80
839
-169
3
-534
329
-857
-283
-670
939
526
32
-326
22
-568
-950
-540
-522
-708
427
-588
925
-258
-533
-384
-252
-383
246
-64
37
-730
574
-568
-341
-424
-101
988
-724
173
875
773
-302
-94
-997
278
338
-947
295
374
904
-278
343
385
464
810
-1000
770
-574
246
-295
463
73
836
453
732
969
-649
719
-755
81
150
575
337
613
578
-386
-492
188
909
882
91
-813
224
-525
652
-409
-968
421
17
278
683
-963
909
519
490
640
487
398
-84
289
-522
-935
-580
815
679
998
986
744
186
452
625
-724
639
-595
-691
-153
-4
-659
825
571
177
508
165
85
-417
-346
-276
627
609
197
-527
644
263
-107
459
-502
-552
1
-759
634
-548
423
467
-909
828
776
-505
-619
675
-680
509
-149
385
-327
493
968
-116
774
151
-508
-29
624
-865
-767
-483
151
-712
-35
-848
-471
-845
-839
952
622
810
336
-45
-695
274
-814
-375
-218
-406
-991
12
-914
534
896
860
-316
-613
-613
866
-920
-380
-618
231
-535
-96
-60
-6
-384
102
-498
795
-532
396
-694
-227
-774
-508
-45
9
86
-479
-980
172
-946
474
-411
-704
861
-24
-839
498
154
-900
-271
619
-439
226
-830
177
-673
-771
-29
-204
625
278
126
852
770
-919
-583
-587
-398
995
142
-786
25
731
-490
-557
-736
-329
941
-25
-672
-331
-407
-111
896
-680
-935
780
-450
-407
-868
732
871
259
140
198
-103
114
611
56
-334
-691
270
691
598
780
-867
862
-993
-926
-164
893
-700
-14
-219
753
307
-154
533
414
-3
222
-298
-133
-963
843
622
-509
-487
-211
548
179
99
-183
-573
-304
-846
-440
-886
719
-809
-50
612
-508
493
-608
-756
-644
-204
334
770
793
-887
-971
-784
-850
429
396
-801
942
-816
747
-322
-160
-880
105
536
832
665
207
551
857
-844
-281
906
207
-332
707
563
21
-402
-110
-630
-289
-81
-856
-582
-653
540
-383
846
724
921
-477
-879
-959
185
214
873
-150
-579
-20
-737
-866
699
726
341
925
432
-96
-55
587
351
316
-703
827
17
-727
731
-444
-553
576
837
-632
657
958
-591
-159
172
839
248
593
-181
68
727
-926
-650
-375
999
783
86
-499
-74
-564
374
224
-738
-610
54
993
-54
501
125
-218
869
-662
-703
835
-263
469
674
985
-382
-951
-390
902
-877
-40
-474
680
-701
612
-820
226
605
554
-994
867
501
60
416
-554
-883
-902
-215
987
-564
-361
821
173
665
51
-285
-718
100
-118
742
224
842
-733
-97
699
437
-360
-76
41
751
-513
-535
251
104
438
254
221
536
596
207
530
-765
-415
-741
900
636
-26
740
-707
856
481
74
255
305
534
-47
-259
-827
434
340
481
921
362
-269
24
-201
542
802
893
137
9
422
-71
151
681
-614
-657
-788
-875
-364
625
606
710
-121
-533
-200
389
-234
-27
-178
-895
-547
-701
24
-259
-120
823
840
-318
715
-466
248
-307
463
-602
-626
849
-702
-857
974
-65
768
136
-799
-796
161
-441
593
927
532
973
589
543
-729
-388
841
-291
-566
681
391
707
-786
-805
-601
234
-850
-670
-360
-552
-527
-830
-60
799
307
-301
-998
-976
258
595
951
-654
124
96
889
396
708
287
662
699
-476
-391
-38
-705
-196
362
529
-46
249
-832
402
723
-661
900
521
203
-402
80
227
856
-769
-266
-799
356
830
648
-692
94
-509
970
-208
15
-422
755
310
382
-327
-605
893
922
-879
-149
201
-983
-250
-722
-223
348
358
-997
-240
590
-706
-481
-55
-877
724
253
217
-786
-221
566
229
357
-123
-905
-705
550
-953
-813
29
-832
-405
-771
743
346
-492
-481
-750
423
-921
11
-431
-627
87
514
-947
-190
-677
-173
24
102
951
810
-985
-173
462
868
935
509
-946
-37
235
-793
-251
-466
553
-186
54
360
795
133
928
-637
64
14
878
117
824
758
945
-596
-583
895
771
-568
-722
232
-700
-788
-702
912
-268
90
676
39
624
228
853
-766
-855
647
-75
-928
-990
989
87
445
105
-533
-241
-394
-128
176
-500
-801
166
-664
-11
23
-452
287
-509
-162
934
-833
877
114
-48
286
-94
97
-67
831
170
-500
819
814
502
-77
-720
818
87
-291
-6
587
-91
717
480
455
-704
-972
-259
-656
-577
-769
-489
-701
-98
21
585
808
675
-926
638
-156
-869
456
-786
633
937
-505
451
23
-239
-999
-834
227
275
647
-319
571
232
-21
915
655
-233
984
511
670
-439
95
477
-765
-273
-328
-363
-142
685
-149
-952
178
346
499
758
665
57
925
-109
889
128
130
16
917
-892
-513
128
-124
-530
-362
-898
-412
290
136
-176
-984
808
461
-568
50
-689
-520
-773
215
536
986
-121
-408
467
327
-520
-849
-544
496
-933
-878
983
-248
-445
-990
-53
-343
-402
-764
793
-21
811
158
-561
-758
-793
-692
-278
992
523
-743
534
959
-594
-443
-158
-557
-292
-144
496
-668
-22
478
84
90
45
-970
747
201
825
96
-821
192
-747
-824
434
-983
-516
713
-991
564
527
100
79
490
658
921
933
-635
-667
428
-745
-132
-538
339
958
508
-73
704
-735
-692
-200
-999
500
-390
-823
-510
-372
-339
760
-806
782
-157
294
-140
-668
-49
-662
-736
-126
-329
692
129
540
711
-976
497
-225
-492
-242
40
-184
115
42
873
725
-224
920
910
-5
236
-897
-224
-922
398
194
-590
-652
532
-769
-221
760
480
908
299
191
933
-647
966
-560
-332
-437
-186
340
162
-314
64
938
-394
-26
-511
399
-366
266
478
-969
-541
445
938
548
677
-284
307
156
-376
-837
904
-887
-927
427
-447
-259
990
-76
638
-292
611
-299
-798
774
232
-308
172
867
958
-794
455
974
652
392
78
328
666
-616
-960
847
-896
945
960
-823
371
-931
-525
-83
-6
-888
182
-839
-629
384
492
160
-925
-780
26
590
-573
-962
120
-922
-13
-803
-37
-348
-861
3
-502
-757
-53
-986
-579
875
642
-104
-652
-808
-434
530
-647
-63
-86
845
-904
-454
-936
-320
-864
-952
-282
-187
-874
705
11
89
915
150
-908
-588
393
-404
985
371
-972
626
825
934
818
-610
464
728
327
935
129
-20
-520
-250
660
-827
-201
935
-13
-75
640
555
572
554
-296
221
523
654
817
507
25
402
-311
-151
336
-494
239
-644
-767
-878
-710
362
102
-673
-888
-681
-942
-532
-747
-398
393
893
-844
-479
3
-140
742
-917
-930
116
590
95
-483
-721
501
410
-658
-261
766
-867
-582
613
495
521
941
164
397
999
632
650
-400
-418
100
-687
-340
-898
-270
-598
-815
-200
75
333
896
149
169
396
-441
511
693
882
644
-890
495
-304
188
-8
417
-416
-453
-394
-766
-296
-255
-109
17
405
-7
747
807
-264
-454
-119
-932
999
-970
-206
-48
-854
-696
-356
-973
506
-689
79
-799
500
-930
175
641
-383
781
432
321
-475
-678
-663
488
-127
641
-149
609
-813
290
234
743
-123
-973
-306
23
889
338
-393
394
207
687
152
-737
757
-673
904
932
665
-107
252
748
215
147
235
-913
-213
-915
253
-26
-68
-957
-283
809
628
-32
-612
517
-694
-4
-533
70
-318
177
333
996
61
-207
927
-275
686
-264
-971
-542
883
264
-898
-331
-93
356
201
839
-44
475
205
-416
-558
593
-900
-695
-412
-876
375
-173
301
-293
-620
-639
501
864
-356
-257
-401
-327
201
-519
495
304
-292
959
-784
909
797
172
383
-442
313
382
-849
-30
688
-704
95
62
124
-605
327
504
-686
-616
367
-42
127
524
631
886
-996
125
189
-731
83
-38
-823
-563
691
117
-5
4
-944
-297
974
744
0
68
-638
681
21
689
-259
335
-928
-893
-708
-243
188
480
-358
-250
-395
388
19
245
-651
-246
239
597
428
792
-400
484
-506
-426
227
494
199
147
174
-781
-165
915
111
-535
580
-40
222
-233
-560
421
74
-398
-192
-907
404
-286
-596
-357
-690
832
-566
-532
-127
-72
42
657
980
798
-197
-290
575
639
-375
-315
661
762
203
-561
-915
643
860
160
802
-776
-190
205
-505
214
848
-638
-398
839
-170
475
-676
429
132
-697
-216
492
13
-642
-313
195
-400
-653
-487
803
-214
-401
2
-798
316
-197
984
-875
566
-965
-104
-30
-602
55
-191
-215
-470
133
772
219
-7
-445
-733
-995
-530
-45
-242
70
-141
271
-570
646
870
432
405
-258
-765
-54
-576
801
-19
320
-230
-64
-625
136
279
-538
-732
50
238
-182
162
62
-619
632
-984
139
-299
-124
-591
-312
-922
837
-880
40
-865
-645
986
-440
713
-476
880
-961
460
812
176
-262
831
1
345
-375
820
-494
688
-800
-863
261
-104
-604
-864
305
84
-786
-302
-239
-188
-166
116
-203
-49
-615
321
-613
-575
-662
-801
158
-367
587
-842
979
770
535
-516
14
292
-821
-726
-813
-868
-589
50
-227
-818
748
535
-6
-862
-793
349
-354
-407
-774
34
-425
-879
-210
290
-245
-624
5
-710
703
-460
-226
-284
832
-490
-452
-981
-358
-41
69
416
-302
-627
-493
250
-931
-286
-845
-285
307
-619
749
439
-940
-905
-272
-185
-971
734
105
732
-727
436
-995
662
504
-447
238
-855
69
864
118
767
795
182
-427
864
897
-272
-865
203
-333
442
-801
-716
537
-73
99
123
-340
761
-145
-510
-247
-583
710
-744
-30
-496
960
-962
-632
-366
362
-838
817
493
583
713
778
275
-528
-999
-727
-329
-715
368
156
-59
-510
373
-299
345
421
12
319
130
268
-712
634
-216
884
559
419
-197
721
-208
-705
-140
-939
-928
-865
-467
632
966
-238
917
333
918
-142
824
290
116
-275
-290
-873
-956
397
-47
-668
-412
737
774
-854
-288
-424
425
61
-129
-716
122
-500
977
213
-869
943
975
606
-168
449
-537
-345
-705
579
381
-437
707
-18
960
-784
-129
-896
953
-356
-749
-778
220
233
283
648
74
-595
706
51
175
394
-450
149
-1
382
-403
462
595
-551
-402
-468
12
-696
514
-28
-480
-616
76
-971
29
-116
-749
806
-884
92
454
191
54
-284
799
-772
-891
906
377
109
-156
531
-873
-562
980
-275
-30
-451
-414
-960
521
-337
-575
-847
-750
11
-405
-942
-184
-732
150
827
459
-797
-458
-186
989
-791
-281
365
318
564
-548
2
559
990
728
-914
-462
871
-874
616
-909
-449
326
-659
562
921
-601
936
-811
550
762
205
310
-696
577
299
-487
-705
-780
388
416
-770
-611
-468
777
674
-382
872
102
-699
487
193
-147
-631
534
972
848
933
907
594
39
226
-202
907
530
-626
-238
600
-773
-18
-456
200
-231
-67
732
-455
-836
907
-584
266
-792
460
-985
-382
387
549
-854
234
38
611
-616
635
-164
182
541
-635
114
-698
522
-102
-159
-935
655
611
-445
-56
713
-724
-150
687
99
-385
-297
114
-210
-911
-338
-63
-120
258
-453
264
-108
383
-997
-568
305
-326
-709
-617
572
132
-552
-217
-701
-440
727
-988
-163
-866
699
493
-251
-599
-393
97
-952
-174
-967
-72
-917
-863
750
-468
77
753
-479
939
984
-188
-679
112
945
-674
895
-757
-557
622
813
-163
756
511
-670
-939
470
-506
158
75
320
-252
560
-39
-115
309
493
519
-382
-986
457
-399
-617
335
713
-673
218
608
-872
662
-214
941
-945
-459
452
-615
-841
-522
-121
318
553
757
623
112
-283
-492
979
767
-974
-847
338
41
-245
722
933
-976
606
151
632
734
-631
975
675
-576
-928
-317
-633
-768
-282
-197
107
-730
-441
-271
-61
-167
237
-526
-400
-179
-372
495
419
383
216
351
-36
-178
-942
-404
-888
985
-873
787
-591
-800
-974
-667
-568
-256
136
539
-429
253
-733
68
-915
62
542
-758
440
727
295
-585
-334
-490
766
631
-111
382
784
-441
366
911
903
332
-890
930
222
-458
-770
-642
638
-198
168
463
870
253
-476
-32
53
521
-305
-653
936
361
-586
258
-9
304
-361
-669
420
563
-758
322
-549
-648
251
674
-548
39
-969
647
841
199
109
267
-992
190
-766
61
-290
-514
408
-798
405
823
461
-605
-317
657
-716
660
219
-474
-19
671
-565
790
344
-113
-172
-68
-909
-332
688
200
492
253
948
283
-686
-343
770
279
-583
174
-342
878
126
-102
534
410
-443
-690
493
539
538
929
328
-119
-628
713
370
-537
-620
-386
221
429
867
168
-289
-820
382
-520
17
799
211
675
676
-663
-427
-233
304
130
-366
-203
-332
-829
-275
553
-391
-346
265
979
118
202
-851
-662
-813
-985
63
-101
754
-556
-64
-230
-757
-853
-556
476
-959
-426
800
345
705
-567
699
930
-396
981
40
-230
-365
862
-695
753
-379
-546
648
-192
-530
-290
707
-777
154
-357
-450
-46
-653
-6
-570
-612
126
-771
290
-613
-337
-11
-684
-176
-31
-87
595
604
-225
900
-87
-47
-646
-440
761
-619
-173
25
-396
539
225
154
-508
572
705
-78
517
-613
-291
-194
-226
372
352
-352
753
879
561
347
482
893
-196
953
-155
-285
-931
-837
96
-103
-255
257
-565
970
968
-73
98
229
407
-829
617
-885
-466
-610
44
887
38
-647
765
-401
258
-197
-952
-939
-688
-106
-224
-618
-386
429
-164
359
-315
271
-115
-348
755
540
881
-282
711
497
-610
802
445
-9
688
-518
345
9
-362
-398
370
-313
-780
682
138
-447
-937
309
982
-101
-776
-334
727
109
-125
39
-795
-688
757
473
367
705
274
-189
-305
-481
-150
-961
85
489
-802
-546
733
-582
-864
-573
-29
757
293
-48
-787
517
175
497
-818
-951
-465
-613
-638
850
860
729
554
-310
-904
806
209
-54
846
-706
992
-957
-252
724
-981
-559
708
-10
756
0
500
969
-927
-326
465
-745
-719
558
-358
-357
407
-942
929
-483
-251
-976
-678
958
-473
725
-749
-481
326
-443
800
345
-445
65
-666
-690
-936
834
-722
-862
-935
301
951
-654
-142
-407
-454
822
-349
-969
896
-43
-945
775
-85
-861
500
-277
-342
-175
-163
-985
727
393
80
-940
703
-299
452
539
-161
517
-604
-210
863
254
-60
966
-368
148
997
-473
-895
609
-699
-423
748
358
300
964
740
-863
979
466
530
58
84
-211
759
-908
885
-845
609
-720
-498
28
534
-1
-7
723
-854
-11
-751
809
-403
-892
-615
902
23
686
865
-237
380
843
786
-534
-543
-574
255
-784
-482
140
929
684
420
-570
-732
-489
429
-182
-767
132
807
-960
-59
961
706
326
863
-272
-432
284
48
948
127
-609
-587
584
-626
226
357
-107
923
285
-867
342
272
-598
410
-743
220
201
-53
-416
241
888
-899
-497
-230
521
-212
-104
-195
394
-157
489
785
-186
-371
716
597
987
-392
519
-172
-701
-583
658
-742
385
915
478
-415
-139
619
383
-695
278
886
-367
-202
-327
529
603
-934
929
-352
408
-701
278
124
896
264
289
-29
649
145
-54
306
403
-670
221
-562
-85
639
614
855
502
-109
740
-866
690
970
663
-151
594
148
498
1
448
-225
682
-100
-962
-472
872
244
673
-626
-450
76
-296
328
71
176
-34
-316
30
-976
576
-674
-842
265
-705
378
-887
889
-917
611
-553
531
-615
-872
988
981
-787
416
-218
887
790
332
-481
-950
-341
590
226
182
831
813
207
406
-862
-78
-773
992
858
-659
880
941
509
884
28
452
-988
15
-11
783
-569
771
669
778
102
745
829
318
-109
-389
-943
-278
-576
-179
-873
-881
743
-645
-890
157
-747
548
-346
319
431
682
-230
0
-746
317
-217
-758
87
-992
-981
747
754
848
-379
-356
-541
-322
-77
-560
499
-392
-441
-201
-480
-773
956
-227
775
-833
-909
205
406
-581
-795
660
736
-455
459
-621
-447
479
-875
-694
-117
-253
-492
-101
-18
-12
-104
-519
596
456
280
-885
683
-208
-555
14
-41
-463
776
-635
-487
538
582
806
-918
41
-816
-364
-924
868
-501
-41
-829
-436
416
153
553
-689
191
-295
324
-530
-179
-437
-180
266
577
779
360
353
701
430
-110
283
235
-470
-677
-23
-277
-601
-599
222
-85
-871
344
888
-161
-547
-801
-970
158
523
-943
536
644
-123
-641
220
-787
719
-871
914
-294
20
196
941
107
76
-526
830
475
-125
-392
948
4
952
835
844
962
591
431
120
114
488
-788
-686
923
-429
534
-865
848
664
-952
-447
-760
-198
-507
347
878
-475
-267
-90
400
341
-143
962
293
-309
362
-189
840
-208
931
-490
-721
701
-176
759
-729
-643
894
-882
578
500
-329
375
-699
-278
-722
736
-196
11
-355
-797
-648
502
722
202
751
83
-988
590
875
501
657
712
201
-520
470
29
-163
-79
148
973
-580
376
347
-722
655
626
-987
-542
-364
-784
-781
-455
275
941
747
-418
-419
317
729
-545
-626
385
724
575
865
-249
-840
-298
229
308
-326
206
-759
578
41
453
203
54
912
397
-173
688
942
-898
628
246
-316
-792
-438
-587
-779
-64
798
502
-933
220
810
-773
922
38
93
-848
801
-109
730
-159
-657
-510
453
812
887
-721
499
385
939
127
-370
-377
-108
192
-407
-330
685
948
-828
309
167
539
537
-355
-866
-814
-646
935
77
642
-224
420
-869
-772
232
575
-936
-270
-41
-997
414
590
-817
-694
-662
-667
-24
581
-720
-295
-111
5
-756
983
207
936
-832
562
870
245
203
-355
-335
-109
-570
454
-978
-948
-817
-19
-945
598
-873
796
461
-977
-872
994
604
966
-744
-951
-473
-943
-968
735
993
-800
296
862
446
-945
-936
668
-497
-949
121
-475
-897
304
63
716
-542
-252
68
476
-229
196
470
932
-281
283
981
246
340
-988
-20
332
771
833
193
216
888
-186
-560
948
-134
561
-528
-31
-579
93
-758
-563
841
310
913
-389
-937
-61
-458
-218
-779
-921
-973
561
650
-435
-108
420
-603
643
-808
843
-544
-368
790
322
750
820
849
-830
-88
-910
-393
-248
-43
-480
363
20
16
462
802
238
98
387
-202
-253
509
248
724
906
-110
916
748
346
-896
95
-775
854
-86
-927
582
826
721
-812
-423
-323
-735
497
255
282
-42
56
-924
-945
1000
-126
-640
508
-879
-917
-29
-432
557
-282
472
218
813
697
-371
-274
327
-790
-892
47
956
-315
281
-779
-819
-465
60
-304
149
136
-691
148
567
-331
-787
246
-691
184
814
423
459
285
-359
-171
-462
270
112
865
480
221
-532
-8
906
750
-230
645
-716
830
-660
433
-478
-794
-862
-911
-125
909
-108
-258
-351
-295
-836
665
548
-195
-507
-915
632
163
508
-332
-617
976
661
846
725
-570
47
-991
818
388
-1
-661
594
-306
986
-974
-841
-123
-232
-192
583
-68
-527
-313
295
-477
-671
-74
686
837
595
626
813
255
472
537
242
-482
103
59
463
660
399
-386
911
384
-803
-930
-739
-478
-565
401
11
-92
645
-695
432
974
232
-326
811
-617
-700
623
195
329
159
-564
404
820
496
-576
479
-106
38
389
835
-208
16
653
314
452
-390
-676
-641
-746
-813
348
-772
419
580
596
359
880
218
-447
208
934
-11
-389
753
-516
-408
-212
-65
630
-823
-673
979
193
980
292
-799
-853
174
-439
-599
361
466
-814
-664
45
782
695
-76
-444
805
689
-510
-207
858
800
-165
-551
-412
327
637
-678
654
615
72
634
-536
274
781
638
392
739
-2
-143
483
334
460
-179
-415
941
378
-611
630
425
-261
44
224
574
50
369
-99
-314
248
-889
859
878
745
-678
151
82
517
-901
-622
-486
-487
861
405
973
-319
547
914
616
936
100
40
-326
701
822
806
-250
190
-737
-6
996
-626
-148
873
677
-269
-420
-685
-753
-321
-307
-239
192
-447
723
-278
-208
269
-365
-593
204
292
448
435
-8
-174
-203
742
573
60
-265
568
435
587
440
-332
-683
577
-17
-879
-745
677
-118
5
787
-396
727
-865
430
919
-457
-810
210
548
626
-799
-627
-578
943
503
40
-765
71
-969
379
-933
-301
254
645
239
375
457
-85
815
-982
-741
976
745
-606
406
663
-506
596
-128
599
-222
-370
529
-242
-870
32
798
-635
660
386
301
727
642
-446
-72
-120
487
943
796
301
961
612
276
706
563
-319
-75
615
835
355
213
-388
985
-701
-73
-886
-112
-276
-964
-453
667
338
-727
308
449
-241
-812
-65
-299
541
-765
-339
152
69
924
-729
307
-151
886
141
761
-344
311
745
-488
-763
417
400
-481
10
947
-815
-653
777
494
354
-465
239
-712
-207
-221
-919
455
488
150
-65
759
-987
341
202
155
101
858
-978
-597
-631
817
820
769
-665
-171
272
-922
-266
48
129
-913
584
-633
933
-624
146
571
388
-810
-723
-677
949
-709
664
150
3
-678
-436
25
-275
-510
-159
-456
-742
-266
-70
87
-631
221
-865
498
308
276
865
-202
652
-433
-632
-403
-243
-354
-523
-738
-63
-860
-30
940
-538
534
-479
187
-976
-81
288
840
210
776
-73
579
-4
-381
76
862
895
-503
-341
546
-379
-416
700
-65
230
-824
198
724
875
-833
220
-664
258
298
81
-161
775
926
-764
-16
701
163
-437
-746
339
196
-885
233
251
-226
-665
429
-85
-965
-636
703
-789
119
426
-915
-157
-797
980
-900
58
-383
-503
-168
-901
-267
817
358
453
937
612
-209
-311
727
-977
940
-943
-642
369
-28
-607
290
-326
-838
-592
658
805
-192
418
341
-92
-525
515
-38
308
615
695
-319
-28
147
-383
-417
938
306
-691
961
-197
-634
877
729
-105
827
18
570
989
-17
-216
351
791
-799
-309
-745
-324
-794
218
541
378
-531
-779
-651
617
-162
-511
554
702
-645
72
-496
-722
-52
-768
173
-669
-193
-701
878
347
83
228
-306
-159
476
-494
75
239
281
-385
-384
751
-606
-478
367
-211
11
-523
-510
366
106
-449
644
611
-660
-183
943
147
-327
820
-950
757
-396
-699
-846
-921
-192
229
-124
-912
402
492
396
796
-986
-681
-859
-418
-203
-368
506
460
183
149
71
524
523
-430
-773
-804
-611
836
510
-450
-864
221
-814
-499
-550
62
-853
409
-446
543
-239
-875
863
-98
-736
-784
534
770
676
-726
-81
-697
355
999
-127
139
752
-181
-469
261
369
-332
-518
556
-274
-511
-383
-127
455
-272
-584
-785
-590
836
117
-325
-949
-792
-556
284
-961
-80
588
-49
-524
-540
647
-773
-163
-822
489
-795
-597
528
318
129
574
493
-998
28
778
976
-200
-812
811
917
-580
419
682
-579
-298
278
-101
-711
-772
375
-693
876
602
144
-947
-353
-94
-987
732
782
142
305
-169
-299
890
-392
-767
-311
-647
-957
-837
-227
19
845
-248
722
-320
651
568
-92
-418
875
-217
-817
-425
-607
-612
482
-594
-881
-180
106
-18
651
807
-129
-742
-960
118
-831
641
281
-501
-340
-318
251
939
362
-542
506
828
40
-62
-390
224
513
-439
612
-449
-33
288
371
-928
-731
21
437
141
-163
34
816
6
-326
96
505
-109
335
-687
-614
-303
-229
893
-476
812
-613
-309
-408
900
-191
761
-549
777
48
379
406
318
958
-601
-985
-649
433
831
-86
665
-517
976
-888
818
-712
-501
-929
-383
-609
-848
986
-222
-599
-423
-766
210
-663
-758
-457
-58
622
507
-741
136
906
832
487
-104
662
958
-883
702
933
-771
77
-779
-272
148
-605
-324
-142
-620
454
259
-43
246
-975
-149
488
-431
793
-334
-925
610
359
538
-2
-155
991
-340
-641
-893
919
-708
-663
-5
-930
65
701
-535
742
-442
-155
-248
374
359
998
399
767
43
525
559
266
157
-275
-375
-305
724
27
-758
941
387
-650
859
679
-756
-589
749
309
-889
771
-393
-774
-385
-83
600
974
-529
-2
740
514
-920
-145
-663
237
138
-38
932
-582
989
732
-642
-68
-919
774
-390
-675
-816
916
191
853
686
356
-922
-700
-728
678
831
-700
-767
127
372
-687
540
709
550
-323
-330
39
95
-785
-230
10
148
-592
-217
758
-710
-475
231
481
-623
-84
-164
-544
-226
-335
691
-839
-34
481
289
895
351
-172
603
-542
62
830
54
714
-956
381
-277
192
789
506
-493
-922
588
295
116
966
-790
510
979
-459
732
226
-297
-303
-736
549
-852
615
934
751
-928
-5
580
-317
-735
182
-937
-12
-627
852
-950
-563
487
639
732
-397
161
500
-888
-304
598
844
922
858
-902
-815
406
804
358
-104
555
-13
448
-309
671
713
873
734
-300
804
143
-249
798
-371
947
87
-211
107
-414
-542
803
741
860
281
599
515
467
-439
318
-619
458
-571
368
-95
121
38
-382
-7
-228
-125
-647
915
626
-849
-900
572
238
-110
-765
381
-95
-963
121
-236
319
-724
-722
-658
-162
597
-277
-705
-975
648
-243
-297
-314
375
254
15
-750
607
-514
433
315
-414
-438
-891
33
-203
490
939
-608
-832
-298
268
-999
-462
167
-161
692
447
-309
717
94
449
978
780
-620
231
-649
-370
-163
-163
621
710
-19
-818
819
-987
-464
309
509
-515
34
769
753
35
-694
-81
432
998
-635
-878
271
17
571
248
-204
952
-965
-295
-862
-570
542
316
-861
-478
55
958
-907
592
-177
602
-924
857
370
387
-551
233
863
881
-213
786
560
-942
-198
-312
-137
155
-361
-544
860
-666
-114
402
651
25
481
-295
-461
574
854
363
176
488
-224
-898
-126
-218
336
-264
-781
-878
-479
780
738
-120
-533
-842
-965
-337
-386
895
-3
57
-147
-796
639
-666
-90
-823
908
-680
97
-360
808
431
-257
-319
-788
-922
-25
-568
758
496
769
496
934
-765
211
969
-102
382
863
452
-562
-727
657
-924
-393
-877
811
-929
-557
-92
-288
-749
-662
455
-511
-893
533
464
-461
-153
-483
-693
-658
-550
-901
110
-582
-3
-509
838
-994
-71
-890
663
-438
-726
343
-627
-654
786
-162
58
594
176
-488
-917
283
602
547
380
-552
621
244
-652
-930
344
458
-955
898
950
441
904
-565
108
123
-2
383
-535
-72
729
809
766
-657
-41
-59
-588
42
781
-987
-854
-283
-982
324
962
-634
395
305
825
-3
202
331
-563
-337
766
546
786
-680
-515
809
248
771
174
13
-887
690
511
-475
-711
-151
-905
993
566
-887
316
84
-520
-733
-612
862
265
148
192
259
368
-486
-196
-290
-608
-154
-925
640
-384
-194
-790
-271
-504
278
-189
-215
-874
-94
-223
250
20
-908
-667
500
-640
-721
-82
182
-16
667
-560
-649
-820
-198
61
-428
648
137
770
-736
943
537
-450
996
-186
362
-220
-502
-733
557
748
-156
207
638
901
124
917
-182
-695
-100
