-862
-64
643
-642
626
-47
931
-823
909
315
-6
283
287
657
-242
-434
142
699
780
953
744
119
152
540
175
-995
444
746
102
-745
562
-202
-251
-238
156
-626
715
-357
-449
180
958
103
-538
-199
-241
-222
367
458
-967
-297
410
334
822
-881
-127
-4
682
875
-701
-659
687
418
139
-565
-821
852
-190
894
-506
-82
-370
-992
578
-350
-191
-663
428
734
795
461
994
-238
-648
816
-562
225
-632
-881
99
-333
-540
-657
-915
156
-222
822
7
145
273
501
621
903
66
198
-448
876
535
537
166
-113
-2
159
206
350
-26
201
-869
-100
320
-212
124
338
131
-234
-507
466
-412
501
-389
861
-442
-769
763
625
429
-685
57
-36
852
-778
408
-594
-62
-387
313
913
814
2
-631
-310
347
493
-973
-523
-741
-922
943
-153
136
-890
-736
694
-659
-974
-125
771
899
932
-709
308
711
699
271
-351
869
-859
-882
239
143
-513
486
-511
980
71
-477
796
149
-978
-358
-716
-867
-94
535
-969
-510
-590
802
946
-659
650
253
-948
-95
-476
-299
-670
-778
-181
569
365
-137
-388
411
-158
683
491
-362
-612
70
-163
-328
203
301
764
-208
348
-827
-407
293
-485
801
-454
-876
-295
-373
-618
36
-151
201
-839
771
-937
-227
-262
-538
-545
786
-343
-157
-145
52
72
616
910
-164
-593
257
9
-443
-451
81
-643
-348
-238
63
-164
144
-902
685
902
-741
12
522
-410
307
542
45
92
-802
446
505
-193
-926
120
-284
-90
84
973
477
641
-478
-886
999
-269
-566
-382
568
578
-727
-191
37
-911
822
-442
-321
128
-901
282
778
856
-273
282
-338
-199
-599
379
269
485
351
-698
-318
430
-584
-763
-839
-150
-145
286
986
128
-906
22
218
916
137
454
-399
-206
-265
-622
-351
462
217
311
821
618
-754
89
-341
155
-52
-102
-859
364
136
860
772
991
145
314
-324
240
893
451
-288
29
-539
-130
823
197
-195
-972
-785
-979
-103
-965
196
143
-319
412
-703
629
-690
997
-450
446
856
879
-7
1
-251
226
798
-359
-767
-934
670
-305
-63
50
892
742
78
-894
764
975
700
-484
-325
938
929
-471
567
-762
-475
674
241
-619
552
791
-61
-700
17
-264
-502
-193
-198
-833
502
296
-226
-50
38
853
-386
-642
384
-687
-126
-942
-750
-641
-412
374
-846
113
47
395
51
-845
-257
990
-988
317
-275
-490
-877
85
-765
183
-620
-434
-868
-25
-582
-254
333
360
-384
765
418
-133
-877
563
798
-722
-767
-598
230
284
-443
973
274
-873
289
556
-806
413
-803
987
-405
-422
-447
-716
110
-472
31
-1000
888
204
765
-137
628
445
-575
426
280
-342
828
-490
943
942
-961
-227
-932
329
-672
-737
-702
-474
807
-550
-339
-641
-266
771
-112
322
771
-668
-474
92
195
711
-906
178
136
374
836
-37
441
335
-538
38
665
-470
-634
551
-650
-779
634
-843
-772
-706
-927
-481
622
-39
399
-50
294
482
599
-512
192
693
223
-672
-376
-384
-152
-936
951
310
102
173
398
25
-277
305
-197
-644
19
-412
-350
93
108
829
-947
-937
-665
-96
545
935
-50
-264
184
-828
-379
808
-212
470
430
-704
-664
-912
469
291
-329
-809
-404
31
-453
615
620
-246
-293
-716
-861
-682
-653
-525
-221
892
967
729
-816
150
902
-194
-485
-754
833
502
-458
726
147
568
17
818
316
613
-151
420
-216
-975
-827
49
-691
871
-76
-787
903
703
662
869
432
846
-425
-110
-792
-353
136
-960
-852
236
324
296
-640
-660
-330
677
510
76
96
851
101
-173
-101
-33
-746
823
-263
-844
526
-602
582
-486
-756
714
404
-991
-639
-904
608
-934
-111
-69
-81
-193
271
147
-960
-663
-778
-307
-813
-119
520
87
405
331
-534
-858
487
549
-460
-375
-938
-659
-661
23
-649
-743
-323
959
-677
123
-111
-200
930
717
947
970
611
726
-337
798
-394
740
-559
-989
71
-92
711
-886
-544
-750
-260
-924
-851
-364
99
-500
-107
333
-985
-227
-544
-539
573
-615
735
519
913
345
245
-425
142
408
872
141
-24
-501
-952
-314
-829
-939
-506
-532
695
-357
104
-649
-300
997
684
-285
-231
-861
-267
900
-918
-533
-25
995
812
777
-874
-490
