8
280
-373
886
-62
-868
475
390
678
75
-941
558
289
-310
464
506
-827
376
852
-155
-837
4
-445
-622
71
-147
262
719
-699
-402
-68
310
436
559
195
931
248
-773
321
-75
302
-63
-961
-853
184
60
654
357
994
62
759
714
-935
-686
-909
137
167
-90
-145
26
66
344
-665
-499
-98
87
-569
-851
-129
309
-369
-828
803
-773
-680
-14
-155
531
901
-162
-408
659
-449
-343
530
-801
351
-746
110
764
-163
733
107
172
-767
567
816
-779
273
-313
88
462
-584
-553
689
-707
434
-467
381
-109
-72
973
-894
479
-813
194
236
95
448
-655
-585
-716
-923
523
13
868
-354
-615
646
919
-371
-710
380
-397
-262
-374
-104
729
-284
835
-381
645
807
-718
-320
551
476
916
-797
-77
818
-382
-236
452
698
334
-124
-657
277
-478
-738
906
-188
199
-492
107
825
-38
-165
-902
-204
11
743
-841
294
980
268
-231
896
471
250
270
-912
571
-278
344
-95
598
687
739
677
506
644
-954
-295
710
153
-914
-329
546
-816
24
-444
484
183
850
464
-550
-824
-84
478
426
-815
124
-4
-93
-533
458
-938
711
196
296
217
-603
342
479
-894
-948
122
-666
598
307
358
-847
-210
-460
-997
811
-452
737
-274
-975
162
-88
149
715
376
173
173
438
-116
926
-709
-900
-678
633
136
986
685
-743
-681
282
564
234
-7
912
332
-447
279
880
-711
-995
462
451
-83
-389
165
850
341
895
-155
-776
378
136
882
257
-675
17
243
-990
-168
119
-151
953
-647
842
864
685
-606
143
121
-317
-295
-418
-867
179
-250
-144
28
-909
-693
430
-685
685
-435
755
-58
-109
-229
-816
-542
603
-140
307
556
-230
149
-24
-989
100
676
132
784
938
272
474
116
-979
887
702
-888
-806
131
986
879
254
740
-623
-856
-933
-882
-841
228
-21
466
-660
306
-829
-127
318
-171
-894
-994
-831
-957
278
643
-283
300
87
-582
-31
-162
106
-46
-284
-641
-750
-349
-940
876
-231
-781
103
305
243
0
-389
-29
873
929
357
979
492
526
580
-230
-274
-704
627
813
-729
-405
-350
377
107
-77
294
357
574
354
232
901
131
892
205
931
-109
816
-542
-236
301
816
-701
-207
-102
879
563
624
732
-254
-7
-998
341
200
-63
-553
-877
-770
362
254
584
-407
154
-729
-958
-641
759
-67
732
-783
254
33
590
111
383
-513
-454
-498
669
-722
248
-339
838
-412
862
-226
-407
542
4
955
-205
-855
-896
507
974
-854
423
733
-363
154
507
448
744
-347
-442
-317
140
105
185
-635
-60
990
-416
-223
-422
-555
552
-272
544
-888
-318
896
-743
-657
402
-769
-510
-619
964
-316
93
27
-869
-607
680
-310
77
-624
352
819
-258
-709
809
326
-375
944
328
-824
-329
-129
-711
353
-677
-897
253
726
-666
300
-894
855
984
-244
-562
673
150
-883
-638
-774
-506
271
-956
-207
119
853
676
744
796
3
921
-977
431
767
376
754
870
-371
36
762
486
-300
173
470
456
612
142
-395
729
61
-612
780
889
991
-428
7
400
-753
-250
-247
-193
-773
-224
795
994
710
106
421
896
-859
182
381
-602
-646
-150
412
966
549
-984
252
-391
963
31
-503
953
604
504
352
408
812
-896
773
-962
-119
124
590
-410
-771
10
-515
929
749
866
-674
-898
-727
738
626
822
312
-123
989
-169
908
-515
-217
68
547
692
-967
358
354
363
-47
-766
-514
-458
-619
-727
552
-577
-799
300
846
-916
-40
-882
380
-415
498
-309
19
486
522
-517
528
862
109
74
553
-301
989
-94
-939
-58
-303
-896
41
-365
-623
-407
58
-422
450
-539
-780
-591
-864
600
-449
634
848
570
-324
369
611
-796
-213
-281
-165
897
418
-619
-197
36
-120
57
140
921
693
518
-930
-693
653
521
-675
873
487
-538
472
596
-905
319
165
-671
-756
-668
-467
31
51
368
-72
-975
749
288
61
-815
902
-799
-894
151
276
-824
16
-72
254
341
-199
-259
803
-728
-664
456
149
58
785
393
391
-683
982
999
242
-534
-976
-452
311
-358
-267
212
-157
-161
921
-882
-427
-64
-396
827
-724
405
-876
-921
677
-983
535
-175
-367
-124
776
-977
193
757
579
992
-778
160
-904
533
803
-170
-699
-798
226
-779
879
356
157
-518
-260
-9
887
-136
-373
120
-118
-839
503
515
-406
-165
95
344
-409
-770
335
-630
391
432
460
193
819
761
-48
-399
540
-170
958
-747
-131
-303
244
-688
561
871
433
1000
589
-508
71
740
327
723
83
918
954
-582
845
-99
407
304
-907
-218
-379
-398
383
-840
433
340
972
859
-964
-228
-829
155
-800
604
-289
346
653
340
86
-21
62
-832
-547
-428
-857
855
473
107
158
123
889
779
726
272
497
-285
-389
25
-427
-795
797
-699
360
554
462
-930
-100
114
410
543
650
-971
711
660
-842
412
514
632
-482
-329
-689
-593
-993
594
679
61
866
847
643
997
-949
-4
-703
-32
-450
760
39
7
-570
-995
-451
-920
592
817
740
751
228
254
-61
747
482
250
711
46
-156
-54
664
-734
-208
306
-738
-599
860
-440
369
-591
877
965
-27
-694
528
522
-614
119
338
684
-131
-877
-506
808
427
976
-385
137
-421
16
-918
800
282
-569
-337
545
-168
-478
662
759
-512
538
723
461
844
250
-461
788
-631
434
471
-205
557
965
-840
-17
497
-225
-881
633
791
759
433
-371
748
-905
-827
-864
-826
392
895
-338
-514
175
680
-670
982
-782
675
908
652
-298
-297
209
-334
-137
749
720
195
869
-90
-15
184
-658
171
-69
995
-98
68
726
-707
-481
-613
-220
694
-934
-333
676
842
899
583
493
-400
843
-299
266
-295
-550
-458
457
876
452
-559
-384
351
170
548
-98
-929
-828
-373
-636
-309
-429
-299
-615
-806
-75
618
-965
-177
200
529
423
43
787
-755
305
794
-212
-238
226
797
-240
843
148
930
-53
607
-1000
119
-766
923
367
-638
-377
309
-443
549
-74
-851
-629
684
678
795
-274
22
597
588
-628
-616
907
599
739
-333
-2
-114
-847
945
-951
-846
-380
841
-924
544
-797
-744
-147
-683
362
336
-534
734
19
702
85
302
-720
-319
-110
-348
-377
-204
808
-639
20
-195
-196
174
-694
-590
-115
-517
-749
-482
585
-546
-226
-563
-672
-864
330
-649
427
-651
610
-932
651
890
-694
-903
-458
-71
-549
907
-153
28
-288
208
-799
-425
619
86
-384
870
604
-800
881
936
-363
766
629
967
-884
55
873
727
123
81
616
429
178
715
916
186
622
-238
-786
891
528
-585
-978
146
59
-362
15
-781
-162
-548
-846
32
-783
340
-444
-667
-606
-572
617
74
509
-210
-497
-756
-496
976
430
683
-263
644
130
-736
617
153
-33
-325
791
539
-549
-371
991
-837
218
-793
503
774
-902
898
-798
715
-29
711
-496
31
955
-434
6
385
806
301
-415
-64
122
-799
646
-911
-567
436
628
-115
622
619
48
-160
383
-450
-387
38
-553
-628
-247
-24
-917
-186
564
595
380
-430
-464
186
428
122
679
-451
-120
324
-362
314
-684
824
-802
939
-1
246
-665
939
796
-495
-23
801
-122
730
-667
-482
-457
897
670
481
-977
-794
-334
451
-115
902
558
765
225
-805
78
541
576
-167
36
-426
-922
-72
-487
432
434
47
-211
-689
-224
-321
-614
-124
-868
-945
-644
-844
819
-421
164
-297
-963
-279
-975
262
-526
-340
-640
-951
494
396
-819
129
-676
-749
-883
758
298
-537
626
631
142
569
-494
275
624
-580
431
443
-444
-406
703
-406
-127
728
413
347
-612
773
396
882
169
134
-433
50
385
-315
-636
-761
148
547
870
848
115
934
122
-262
-647
-891
738
-534
-740
441
-383
133
168
-970
-521
113
803
433
-449
-472
-434
119
135
952
361
499
-810
-935
45
618
913
-841
551
34
-545
461
-300
750
927
-39
-253
-456
651
916
-869
-870
-415
491
120
137
-981
686
813
154
194
173
-790
385
-205
255
2
-292
-28
-891
299
-16
570
1000
-710
496
-483
38
597
725
-490
728
412
95
219
-469
789
-205
-783
601
506
411
-670
716
-648
126
-472
-89
834
57
20
-311
-960
-411
-755
-670
643
-238
-75
239
-956
435
-476
456
-470
300
988
-682
652
-796
477
157
172
807
-570
525
-68
-42
993
-678
-986
13
12
612
159
257
499
-199
577
-576
598
621
416
-879
76
503
-22
-380
822
-371
-176
298
786
554
-339
773
-365
594
-270
-373
473
-699
197
-516
470
-644
299
-474
-286
-568
-493
-689
-948
923
990
-315
426
-33
306
-196
596
687
659
-61
-203
-681
-289
432
470
-1
617
-57
-143
-187
-16
-673
-274
-718
-590
441
-286
-83
309
-677
-604
299
-434
822
-735
872
-818
419
115
841
-643
913
718
-375
-99
187
624
-483
687
-519
331
-329
-635
-944
-490
-225
54
-218
692
-637
105
645
662
671
24
484
99
206
-541
772
-396
-184
241
-679
442
-859
65
-378
-341
-691
103
547
-463
25
160
-396
800
-786
386
48
-866
-952
-307
796
276
717
-164
933
-521
296
704
83
669
-56
-39
-333
-358
584
290
-142
450
950
-596
987
-25
122
-410
-669
336
534
380
470
582
630
-178
-586
-97
215
-654
382
-490
607
-978
737
-893
-460
-597
-250
681
250
165
130
200
570
-327
732
-309
-179
-938
584
-646
-1
-390
493
-815
432
907
88
-354
811
-973
-286
417
607
-550
525
704
-590
832
385
218
-4
-929
-583
-878
-255
706
-630
566
325
954
477
882
-437
-31
-934
552
-568
155
756
800
-261
-531
217
-655
-524
-702
-952
-557
687
-10
661
-318
62
635
-195
807
-103
175
-71
-778
-314
-595
-897
-194
-69
-831
-642
-80
-119
671
-280
620
697
494
522
730
792
571
-828
478
-440
391
717
622
25
-479
-15
923
254
914
702
497
-682
362
860
249
531
775
-831
970
445
-554
589
141
940
111
-130
288
-762
-400
-235
-645
548
-519
535
-428
-440
-481
-949
371
991
310
-576
-692
-329
-717
115
760
-942
-159
729
503
287
-126
-799
226
985
-372
-487
780
-215
-165
-865
-668
-127
670
-538
-10
746
-930
918
736
381
-659
-956
609
-818
-284
368
-760
557
96
300
-600
528
501
183
69
687
253
-151
-529
-913
-16
-196
-483
-790
266
508
956
336
-18
692
-727
-119
293
883
63
566
250
303
-321
904
-841
79
431
661
-739
-501
-96
71
348
375
-285
889
-822
232
656
1
-704
612
895
279
-140
-833
-841
710
-951
-221
275
300
639
954
203
798
-411
-810
15
-593
-311
919
478
595
294
-808
40
29
424
-304
588
278
865
482
-887
-276
649
830
991
699
-392
265
-2
-754
218
758
-957
364
505
59
771
751
-466
248
345
828
440
943
-586
-580
-805
-999
255
-941
483
368
-660
131
197
-670
-614
362
152
384
608
-631
-302
209
290
-798
825
60
954
-642
-693
-145
-814
304
-646
-843
281
-451
-842
-464
-392
198
904
-495
886
-342
-165
-728
-981
987
213
185
913
469
-607
202
228
-783
-739
-262
-425
-875
594
-682
429
948
-968
-290
-946
748
-197
-781
-55
-737
-275
-612
-522
117
-783
-945
104
430
240
-427
-545
190
333
684
-36
151
-579
96
277
572
-28
-738
77
4
-471
131
-248
332
350
254
153
-926
199
631
192
416
686
853
-597
-75
983
-142
672
315
-459
-365
-977
-480
732
300
-909
-297
119
168
264
649
-702
-985
-463
206
-173
690
280
-975
321
-972
442
6
438
845
489
-22
-298
160
-708
-199
353
873
321
84
172
412
344
849
-420
-393
497
-565
-820
591
641
7
281
-522
-411
-842
-937
-970
-279
59
432
767
-964
692
-516
886
-508
837
759
370
-523
-513
-662
821
-665
-525
985
832
-89
-836
-20
-892
-272
818
-414
318
976
-793
-95
-747
266
-663
578
302
586
-939
-256
635
898
-498
4
932
-453
342
752
-118
375
736
-729
-715
458
251
-607
-815
68
-463
60
-400
-256
966
-590
567
860
988
-575
445
-952
169
-364
503
229
197
434
776
-905
-258
-343
470
-965
-515
755
493
736
706
235
-640
-758
-705
-40
-457
818
-72
667
677
-85
-909
-322
-479
260
314
581
-955
-933
15
378
-838
314
-965
633
349
-923
-56
-602
814
-351
191
-827
-552
486
-309
-452
303
619
-786
-464
-910
-695
-229
-389
123
-916
-808
-275
709
-236
-897
871
635
696
503
-459
773
-996
-504
586
-790
687
317
-341
-271
565
-236
589
-260
-464
-876
-170
-159
-105
-1
521
-464
-252
-754
-756
69
907
-885
-740
602
175
-199
374
-264
298
-483
-53
-459
391
163
271
-488
927
-141
252
-538
-459
639
-139
436
-806
939
530
-501
742
774
125
648
446
386
249
-822
-814
-820
-86
41
-746
861
583
202
23
-590
714
-493
269
-478
-474
810
718
387
-197
470
326
-668
526
-376
663
-349
-728
109
-964
78
-156
780
-185
758
-622
-374
176
961
828
756
928
98
-738
-247
177
-654
-880
-548
733
-77
922
-385
-188
4
240
-526
655
69
140
691
-854
541
28
-481
299
406
145
-969
-77
-470
344
-150
628
607
603
-638
510
723
-186
-201
-798
-708
415
14
296
-789
46
-49
-163
743
-802
-17
284
226
59
-861
-812
-796
-830
111
-266
514
518
919
-323
121
-720
744
-600
-349
-457
-840
-500
958
-269
797
726
777
-696
-438
77
-941
102
-640
-157
-839
-944
31
923
784
700
-344
-146
217
-869
89
895
-588
-168
853
-380
375
-988
121
-111
-257
-526
-386
-923
-222
-267
154
-606
836
71
237
554
127
826
476
-533
525
689
321
-702
820
-591
-807
789
242
603
-591
-384
615
87
506
915
561
677
992
-662
-590
-298
-711
803
330
527
356
-544
-91
-612
-520
991
634
802
-712
453
-790
-962
-201
452
641
-235
626
-188
852
-312
-273
412
-636
-282
307
-226
-22
596
-867
-693
122
46
-679
588
434
-199
578
67
-398
867
-923
-630
462
-567
822
-340
198
4
472
49
692
756
-540
-944
-526
767
-613
9
362
-922
316
-959
124
637
629
-442
996
-236
182
-403
-813
-184
-33
649
249
-654
-692
-554
350
338
495
-401
93
512
-788
124
-165
-844
-868
755
-766
6
353
359
-801
-462
917
-806
302
-345
-651
489
472
316
-305
-280
219
3
167
-874
898
-782
-275
-452
288
-506
672
680
-350
362
434
-115
-633
-657
801
-877
-118
717
-682
-817
929
-333
230
400
540
925
-880
-241
-516
-156
-115
-618
-381
167
-70
907
661
-842
144
868
520
-423
-691
444
-79
-891
568
803
383
443
543
312
-891
-228
-289
206
-304
-612
965
181
-211
-594
120
409
130
-951
-128
-653
-793
-985
773
285
-850
-919
-715
-372
-809
853
988
574
-148
530
-115
-39
860
154
725
-445
99
246
293
889
210
-588
-146
-661
-982
283
-756
784
-144
-984
68
6
655
353
634
846
-237
178
-23
615
-293
862
-867
-434
-428
858
-321
672
103
529
117
870
942
528
767
960
-190
-990
300
666
584
-633
-772
238
278
419
-359
598
-404
618
-231
304
36
-98
427
609
-684
663
-163
-23
192
511
-154
-310
38
-388
-794
405
-821
507
71
763
431
-144
-442
-292
-725
199
863
-129
-184
-368
732
852
91
-284
17
408
936
854
942
-316
-79
-656
374
959
-43
581
-79
-307
87
549
-544
-483
-596
-429
-217
-764
770
-355
-335
-415
-166
954
994
926
-774
11
-110
-838
-579
-169
-154
343
175
-780
-142
689
801
779
-618
-556
327
-605
-39
289
-34
744
525
-265
947
-811
-123
-220
701
-573
-295
927
438
152
-912
417
983
-65
-241
-285
-288
174
-597
-931
-490
-658
-487
394
-263
31
-318
260
-668
765
995
-722
511
-572
-385
211
-144
-122
138
851
-971
-217
267
570
718
583
-716
987
-243
-756
-945
-176
-413
-875
-783
-119
157
-543
-859
46
779
693
324
289
-879
496
-943
-466
-627
195
-616
-597
978
209
973
253
-209
814
-204
105
-943
-591
929
-356
-466
704
526
248
718
667
-707
53
359
174
-659
37
-773
956
128
-400
-293
513
-440
-758
-279
-911
52
69
903
848
-826
961
-744
660
-839
-652
-80
687
153
-806
-90
4
247
827
735
146
-580
962
101
549
-438
809
-382
-321
-950
-104
-231
102
965
-329
-494
696
-369
-680
-87
-207
-332
390
-964
821
585
-496
-176
-612
888
-441
534
-693
-923
-365
413
-361
-1000
-970
-124
608
-517
645
-734
-552
-685
-671
701
-496
-351
-830
-146
317
561
-553
-305
-298
-49
76
90
-605
192
-376
-297
270
-184
673
466
-627
704
-659
538
-814
986
361
-809
859
690
450
920
-661
620
-227
213
-263
220
908
439
729
-16
-471
-877
-825
-290
-617
445
83
-944
-532
456
317
-191
-7
503
-648
911
252
-790
600
-299
-871
939
878
-541
152
-385
236
-384
-947
-36
600
-861
-355
333
-594
-415
-223
489
-359
245
-56
958
612
494
18
964
404
827
-827
-439
-473
860
-501
962
-682
208
-424
554
825
-813
-925
424
884
-280
-687
-710
305
91
779
504
893
-720
18
61
774
593
24
-265
419
-246
296
503
-830
352
465
-512
-883
598
600
942
785
232
-78
669
509
236
959
-187
884
294
874
333
574
-108
-606
-95
-516
418
197
461
730
-508
-37
900
401
985
946
518
583
545
459
367
-224
939
-408
842
-269
-893
-789
-386
402
-915
947
-25
-466
898
437
-425
316
-367
-965
-398
-318
-444
-499
-917
-460
-554
158
-878
548
-826
47
881
-888
639
722
-157
304
934
14
-295
576
-483
237
-891
-585
-769
-316
288
-136
-723
890
547
-167
948
187
-70
952
-656
53
499
-482
-901
-63
-813
295
-785
-413
-845
-852
601
-583
281
-882
212
390
-467
443
632
378
-694
466
267
410
856
214
-404
-215
-278
-502
838
-779
16
494
-285
204
-654
-70
348
-499
-364
-51
-524
917
67
688
-136
157
130
-948
-909
436
518
358
-597
373
-872
-1
-843
-149
497
553
-371
-930
-397
-99
-169
-51
831
-822
8
-977
127
484
498
751
171
-639
-536
-700
971
-445
293
488
470
696
-583
156
-305
-869
-994
749
684
-808
819
-713
93
-794
-207
-520
-615
801
-496
69
-159
-999
-623
-989
920
-159
869
890
-46
162
377
-577
-143
351
579
109
482
142
-585
166
-109
791
10
984
998
803
-536
940
161
-475
-435
-999
-474
-58
-987
-555
341
882
-666
-706
-400
268
-726
15
-382
411
681
657
-448
-905
-621
444
444
389
-16
-2
-251
5
-63
910
530
502
468
-945
-999
38
-943
342
-80
949
193
77
216
467
-909
391
-123
330
-395
-13
425
-16
988
-575
931
-29
423
-321
977
917
-855
506
-24
613
119
-23
-349
176
876
128
125
68
762
898
-466
854
289
-31
-260
894
956
722
-566
943
-853
-636
-530
127
43
-554
44
-255
510
577
916
-372
-890
-434
804
986
251
-515
-390
12
-617
-299
-578
229
670
162
-321
182
-116
113
-319
31
478
152
715
-923
155
-242
-620
-779
892
-705
-151
-999
-582
-790
544
669
-748
-847
-763
-365
-145
-783
421
-919
379
-901
-179
820
-230
502
-593
805
-790
-878
439
366
-563
819
144
-671
671
994
888
-912
761
432
314
-988
142
109
-795
554
326
626
193
-296
283
-987
-476
-948
515
-69
414
283
-390
-148
-795
48
-329
349
377
899
342
-179
988
-341
-748
-142
-328
-48
967
-123
-495
292
-941
698
554
342
268
-923
-49
-217
-435
-636
-935
176
217
-730
781
445
619
-286
343
-482
535
-113
177
345
746
406
-704
269
-718
-642
-439
-658
614
-886
241
-119
749
-808
221
871
-444
-157
-397
773
-330
-617
-226
847
97
-883
-636
-811
-439
98
534
-694
-496
387
576
-657
745
694
-758
358
365
484
797
-330
676
17
-903
789
418
-299
119
-913
-359
893
934
296
567
855
485
-872
-47
-425
992
457
962
124
357
706
-626
600
-379
739
83
975
966
-685
-452
-937
-897
966
-679
-221
-947
-481
-328
987
815
796
842
-144
481
-649
-12
473
365
-51
-847
-279
-788
-472
-680
-610
824
403
-636
790
275
-88
853
379
-122
731
-843
-69
-751
-614
-526
622
740
873
-966
220
-777
23
-308
588
529
-154
867
741
-69
-814
-870
-246
147
-506
-457
-579
-36
953
357
842
683
72
-671
490
15
-640
-332
-246
-767
-298
975
-987
725
-777
159
254
69
25
-449
557
211
-318
-689
915
-267
-146
894
697
-636
250
95
604
879
-19
93
-106
342
318
648
132
-980
622
145
302
846
-697
-888
-529
-115
-336
-972
654
-97
897
568
193
-250
461
-553
-329
-732
542
-725
-854
-477
-75
40
422
-757
-312
-447
821
867
255
122
269
559
235
298
-1000
456
-117
654
-642
-221
-221
551
86
-761
998
758
-936
97
590
-789
177
-929
251
-402
872
496
-292
692
-80
963
-629
746
78
606
43
79
-382
926
-268
-24
-739
68
-917
348
308
-919
-338
372
-265
-749
140
912
880
949
-934
752
1
-226
0
921
-707
371
667
372
-467
-734
-993
151
750
-704
684
-990
365
768
-85
-771
406
577
601
-860
385
-702
-949
265
-754
675
-427
247
-995
130
-275
-702
-499
949
227
-409
-786
234
743
521
531
426
532
-548
193
-554
-319
-402
-977
839
-705
-35
-864
904
787
940
578
-641
187
583
490
469
882
548
417
108
-862
188
900
881
-291
-13
-136
-760
439
614
-757
677
-788
824
515
-493
-211
209
969
-425
148
546
-508
892
129
982
360
-433
86
-224
232
224
965
-312
-338
-327
675
526
-530
-330
-304
-287
-654
-92
-906
862
-27
-117
70
-59
15
-783
-957
507
-891
-271
45
469
296
-870
803
-915
-88
324
-227
574
997
-995
-344
-977
-325
352
-707
22
818
-613
-117
-653
270
510
-155
843
727
-112
349
393
618
-606
-581
-530
-476
-779
-888
436
545
-557
-434
98
-552
222
-322
123
-869
-29
-856
949
359
27
853
-815
-907
-303
-973
821
142
-66
-230
-684
328
-254
-213
409
-33
-544
-155
-932
-101
411
-277
347
-810
401
-530
879
930
-829
384
288
-244
236
30
-151
933
-385
-331
-369
549
-3
-52
-567
743
292
842
-733
748
-314
893
-353
655
-384
551
402
574
-980
280
503
-808
-337
-653
-52
456
-65
797
388
550
-977
576
-345
-423
-477
88
-681
815
-514
-857
563
173
-964
767
-616
-791
317
343
783
338
-821
-157
87
-601
-253
592
855
682
-55
-201
-212
-475
-626
0
102
-102
645
-21
-288
-869
122
-726
-139
158
598
245
-76
-85
-856
-736
810
-677
107
-104
-278
411
-956
-424
93
-11
375
438
515
306
996
-827
-797
640
152
-84
771
-726
-253
-369
-11
-655
433
914
-183
577
-823
-374
457
-159
522
-822
-749
566
-689
-99
-889
243
897
183
-451
892
357
-248
531
-492
225
-141
-661
530
490
329
432
-520
-201
-752
614
-467
-126
71
-69
953
-194
-261
75
118
198
186
918
94
927
-534
-458
283
-224
630
348
558
-512
688
87
536
-427
-482
-985
372
-677
629
462
197
-301
-608
149
506
131
-777
-820
-672
-33
655
-21
-107
-879
521
-825
-546
151
80
-989
639
-233
-344
174
-103
-269
-254
826
55
-625
287
-749
-369
679
-42
694
-633
-262
874
-305
705
529
232
-846
207
-248
887
218
460
-33
-214
99
291
442
830
-812
731
-424
-987
-215
-492
-142
-407
139
-464
108
-167
-540
847
-737
-287
108
349
945
263
-888
-304
149
330
-844
673
-884
-188
-36
115
-802
-291
-155
-669
-278
187
-161
580
781
536
674
-112
-632
-867
-709
-369
-597
400
981
-653
-781
-908
-399
-75
-20
-686
-402
-347
126
119
768
-119
828
-830
213
-451
357
609
687
-306
144
-83
140
512
-393
431
701
11
-613
681
358
-394
330
959
532
867
-728
687
-481
-45
-195
845
837
-368
-986
-394
-262
-72
-786
982
623
359
-102
-681
-573
506
750
-873
-484
-863
365
431
-700
-305
390
832
-882
219
75
-362
-826
880
-518
-990
-932
-947
-827
-636
-462
-613
903
718
303
-199
-964
731
864
787
858
937
481
223
367
781
475
-687
170
593
533
-756
788
707
682
827
274
750
880
4
671
-582
391
574
693
-306
932
730
-576
352
73
839
288
-890
-382
-789
891
-908
-475
60
243
615
-138
-413
321
-457
-586
-849
850
-707
155
521
-732
-898
94
962
-204
-418
248
-223
934
-680
-384
-222
-570
-209
-11
878
-559
514
-505
684
128
357
-730
-995
900
-316
714
749
-465
-575
-174
-640
-472
477
-679
-119
-942
569
216
992
446
389
-674
876
-821
316
754
-380
-614
-752
861
72
162
689
-366
61
930
-652
-634
-536
-670
193
-175
-585
-331
-297
-146
-715
830
-931
834
275
458
-840
151
194
476
-539
815
419
-734
232
-510
428
-80
125
-955
-150
30
969
314
360
161
696
333
388
957
-814
673
786
-745
63
60
270
223
768
-537
-302
786
835
-883
-949
67
-836
36
987
289
81
-607
876
-393
265
236
325
-40
-875
-288
-527
-689
942
-742
-434
5
319
393
785
-357
413
-517
-571
248
-843
-520
872
879
74
415
168
712
809
43
-682
73
836
644
590
518
913
-937
829
855
-679
952
-584
197
344
-800
841
-243
-760
-731
562
955
-694
433
834
380
-153
-442
92
-345
158
-33
285
-449
-390
-125
-932
-477
-505
898
935
-184
849
908
571
-250
-893
411
64
906
237
-375
860
100
615
250
-963
-539
808
-314
-326
-34
653
959
74
-737
-610
142
-657
-115
-404
-723
259
-998
-816
-171
-248
849
797
373
754
-410
998
171
690
169
-580
727
630
786
-588
861
-249
-935
820
382
886
767
-477
-772
-348
120
-938
468
-321
804
854
431
652
650
-197
406
797
-643
-867
486
526
-447
-230
-288
-662
182
-427
-354
-196
950
-973
-754
716
-892
-969
925
-215
-907
-51
464
897
-198
-549
106
-992
-189
-932
805
-275
-799
-152
-750
-689
618
-481
-350
-644
92
-147
-282
-402
-562
-36
872
-454
-4
796
-112
-354
-698
909
-900
104
-641
206
-330
170
274
-526
452
32
-121
702
343
-504
778
550
-590
-573
-597
128
25
-159
649
-104
-56
-799
-751
832
-152
-449
297
-495
212
656
711
882
-618
-459
914
834
130
-208
92
-528
-154
-131
-978
256
296
983
941
-679
-177
589
-226
324
791
23
-288
-805
131
-992
-743
-657
664
968
-776
603
-935
-863
436
195
-513
-916
224
333
-47
246
-412
807
-215
-472
-873
608
674
-542
-512
21
39
200
-227
-831
208
30
-488
-572
-446
-706
588
-381
989
-420
371
-525
-336
-405
808
618
398
-605
-19
-817
-520
-335
348
-846
123
837
175
-839
-407
506
-669
359
-465
-600
344
90
-306
-68
266
-760
512
-363
-285
-824
-211
-477
351
744
-525
-669
484
-44
-4
-168
-333
-882
-775
399
838
-625
-96
726
734
-3
-875
78
-914
-623
567
352
-383
78
546
-111
-189
892
412
-839
193
445
-951
-324
958
45
65
-376
-279
-153
580
-442
223
-959
-717
-487
38
966
148
124
900
-286
-968
-484
793
136
-37
-840
27
-626
-678
777
819
-629
-547
776
-26
75
957
252
923
94
810
145
135
650
658
-828
172
-637
-147
72
77
-115
145
-574
578
-893
-413
-838
-961
-534
939
415
-606
949
-252
368
24
-296
-381
-54
798
986
648
-68
192
-138
-339
922
225
514
-7
-698
957
695
-272
91
360
-128
253
399
338
192
-630
733
140
118
-343
-837
823
-166
-334
177
-624
-687
667
126
176
-673
47
-600
399
597
-741
-88
291
-455
-998
-793
417
-187
163
-688
-996
534
602
-299
-792
-742
-578
-970
-351
-355
-235
26
-41
-569
-849
692
-685
-245
649
271
-649
909
740
199
-990
300
407
-16
-888
-874
296
674
217
-546
-626
426
-730
-647
13
-81
-1
778
502
515
766
210
206
639
965
-589
-534
-685
-681
-794
72
887
506
-965
-129
618
-839
-834
291
379
-822
222
-196
-552
133
374
367
689
152
-574
203
-526
636
966
-888
601
-624
-421
473
-747
-658
-456
-861
848
-864
10
22
-702
-266
870
234
-531
-352
595
-83
338
-32
-717
26
677
-291
786
-849
903
308
-737
60
685
-601
-468
495
-259
-366
634
-855
-673
-799
167
-375
-508
-407
416
-39
242
10
878
-421
979
718
163
212
985
-52
363
887
-744
184
-497
498
583
-408
-8
882
226
-818
-974
111
941
-249
736
990
344
152
-493
-858
719
-616
-721
254
660
442
-534
201
-611
829
87
-798
12
147
700
-848
739
-752
591
-35
989
617
633
929
925
368
919
-174
-924
-575
-32
353
-633
247
-394
584
-755
72
-216
-808
-542
428
-606
27
-426
652
-264
-688
457
-674
-166
445
944
-534
374
425
392
-151
-750
468
-169
-224
-180
198
-978
-16
-219
826
613
122
-983
-930
-451
-589
-345
-320
620
391
-7
77
718
827
-479
218
851
452
-358
242
-700
-550
-734
132
226
-356
887
-195
628
-332
-370
240
347
-353
-132
897
-384
523
-424
-765
-530
126
-131
-813
-490
391
-38
-640
-158
162
159
-300
612
425
832
-163
-932
718
199
253
943
830
-950
290
-967
-82
-257
-351
998
-124
-558
-533
-998
311
-788
-931
-742
174
-571
101
-665
588
358
504
-431
189
-660
-362
-537
97
448
-594
-74
498
253
-484
-585
996
-277
970
-572
165
-563
988
-968
-351
-944
-709
380
-958
-51
273
187
-694
-224
757
52
-326
952
515
771
399
478
-747
-103
-270
-231
-131
-718
492
-161
-289
-787
-167
-745
804
39
870
-906
-582
912
-400
691
99
-537
-533
-588
515
-302
-637
-414
-532
319
-936
-279
-785
-206
47
85
77
-461
481
345
-691
-687
600
-888
-91
26
764
327
-62
-637
-425
594
-617
-401
-995
898
297
926
-516
322
244
-452
-958
17
-101
89
659
976
185
139
-123
495
9
-966
164
918
60
-72
-199
555
-152
-67
148
232
89
-290
-314
-615
-808
170
707
437
275
306
-990
-826
953
669
707
137
-636
-859
-812
373
-825
353
-153
-208
838
205
-653
-758
-862
52
474
227
763
-840
170
955
-113
-567
-52
720
297
-42
451
249
-817
157
-615
-453
-145
-426
920
-413
484
-677
380
-122
529
284
120
224
-665
-849
-993
655
869
177
167
-688
168
-886
-969
-536
-370
482
713
-187
-804
655
361
-392
-772
-163
196
269
-282
-425
704
-754
416
-619
27
751
-468
34
406
958
769
-428
-731
-64
-757
859
400
-570
340
-331
244
93
-677
-839
702
-891
-445
-546
-65
273
-414
-361
76
-999
-423
-898
752
109
137
-286
66
-95
-157
-108
398
87
-250
-646
74
648
23
-683
-703
-97
-965
556
12
-409
-991
948
421
-405
-857
-503
-404
-280
-844
906
386
293
-824
-992
755
20
-100
152
664
208
506
-263
-145
-915
-388
152
-11
-796
-292
-1000
-648
-726
505
774
-130
205
828
23
482
984
-515
-133
-166
-338
-125
-855
682
333
-145
345
-460
-640
639
-48
-997
-750
661
-8
-545
-632
-451
-193
-800
612
-863
-373
-184
965
650
-702
506
-865
-278
897
-203
155
-959
-965
-513
-104
-63
-416
-186
-425
536
-183
-617
196
366
-605
122
472
-241
-121
83
-103
506
457
-582
155
312
481
-153
-967
377
201
-255
-24
-207
-211
872
730
373
-758
-695
-535
-384
-755
219
539
-360
898
11
399
-224
651
-705
-719
107
-729
-7
976
752
398
-991
-314
-402
-689
662
392
101
90
121
-527
333
-17
-504
506
228
715
45
868
612
-945
267
945
263
119
-775
-630
390
218
-655
-301
-828
912
385
-229
-777
46
720
324
693
-603
354
-418
381
850
-912
-835
121
-310
591
-711
-255
-586
-767
565
533
-985
935
-520
-209
838
-264
-37
749
-880
291
529
-277
10
-591
-585
408
321
-2
-655
-273
-357
-490
849
333
-900
695
635
-486
486
199
605
501
134
642
-709
-472
-623
-188
834
-503
-898
363
-223
113
329
192
-480
-351
747
-135
377
947
-68
-218
279
-410
-524
-87
104
962
-888
-735
20
-197
907
-132
-112
-717
680
-279
-663
783
641
-329
-548
-30
421
-471
619
167
-49
-448
114
883
334
950
-528
368
-137
134
-114
-468
399
906
-108
-137
-226
780
-297
-990
-943
41
793
699
712
802
-332
132
-670
844
857
281
-604
-473
-279
287
-524
-250
-346
-104
884
541
-15
-160
446
877
703
777
213
963
788
271
3
137
-474
-728
-504
194
-39
-174
-406
-626
665
-453
-542
943
835
-65
-308
-512
388
-867
586
-627
-27
-411
807
-768
-635
-423
-806
710
848
-245
-596
931
-416
-100
124
102
283
275
477
-53
823
492
-111
657
984
582
702
372
715
288
302
-756
434
108
-967
799
242
-773
66
-354
-461
470
-424
-320
927
700
783
209
-468
-184
-844
-646
-693
-398
-990
-709
741
269
220
12
-444
-479
256
990
186
-154
346
-572
-369
969
74
170
-5
651
851
-79
-93
190
687
439
-995
400
793
870
-998
360
-840
743
-371
-63
-688
-258
458
125
-711
-356
972
635
-371
-398
160
703
329
-846
-90
-264
-368
818
926
-682
-187
488
719
-837
358
721
523
75
20
709
-988
-111
-992
470
-986
-703
671
986
489
857
-856
-352
117
473
-641
-974
767
-9
401
692
309
772
-263
27
935
-906
-696
14
169
-118
-277
-262
771
-269
766
342
-415
-7
-116
-927
-150
28
-722
524
-942
-363
550
825
628
-492
73
-507
-721
810
78
-787
461
382
227
-813
821
507
-75
149
795
-310
-953
937
241
-68
-991
648
517
-713
171
575
-519
-723
-44
-892
-215
-971
-841
-379
396
237
-166
-143
-825
619
-399
554
-318
526
-298
-966
774
-251
971
14
681
538
-782
-245
825
389
-671
864
666
-157
529
-992
-128
688
-371
825
-76
21
-762
100
-804
-161
-347
-122
923
-88
-531
696
218
-560
-734
-544
978
-516
211
359
430
540
222
95
-618
-692
103
-189
996
290
-807
-523
-690
-569
134
-494
-172
344
-59
-250
-745
411
-555
30
408
-732
486
385
-691
-304
-700
739
794
80
-610
733
388
51
-899
-60
-660
852
417
-350
-718
-450
-287
-333
894
654
417
706
-379
419
-264
-972
687
-779
-30
553
-525
271
291
826
908
239
558
-148
-711
216
792
-371
67
209
-164
-93
316
106
574
210
-684
-9
-528
-62
-591
208
-34
654
-13
937
-237
19
-236
612
-156
-329
-150
959
523
139
175
-129
325
799
637
718
-295
-47
-177
-721
720
-304
-173
-809
634
-207
-43
-400
-997
501
-907
-233
-481
-586
-622
363
-358
228
-122
722
924
610
-408
-195
409
-771
-478
671
182
-98
507
-542
598
-667
-351
232
-316
163
389
-313
-337
39
454
182
453
389
-899
-906
-827
-20
816
-904
-854
965
-99
555
-807
-20
226
-68
882
-268
390
37
-377
597
826
307
-241
-229
551
423
810
-438
-839
-181
951
-737
-530
-876
-200
843
778
-497
807
-764
-942
558
216
-159
-511
-345
130
437
692
753
33
74
-384
349
845
-833
-229
211
-271
-510
-971
-764
-690
-501
918
-333
-659
696
170
705
489
228
262
-296
626
752
-84
-244
-255
-836
-935
335
238
-318
-317
82
-594
12
-708
135
502
879
-72
812
935
-154
-965
-725
-902
205
981
587
-567
242
848
616
-450
-236
-629
-148
-72
-563
-814
-834
-324
-130
-195
82
439
-345
-784
-503
-467
-299
866
-532
547
901
-700
645
105
838
-212
95
-363
-364
-289
-256
400
82
597
-673
76
783
-950
752
-791
-144
-167
205
68
-394
702
601
308
567
626
-589
467
484
614
-428
321
-599
224
958
37
935
-298
994
-426
856
879
650
195
929
-41
-38
-659
792
-834
409
956
869
-433
-180
-8
750
231
-984
233
-156
-412
-446
-197
369
-932
397
304
-230
391
878
-375
-174
84
378
-246
-958
-661
-347
392
-495
-939
-96
931
-815
724
-77
936
-46
-61
-275
356
84
279
-842
-991
348
555
313
675
-498
-253
858
328
832
235
640
431
574
-708
-621
636
911
283
567
654
6
-954
589
961
-458
-687
316
183
150
31
192
-946
-415
-938
286
-355
-191
143
973
-803
935
612
629
508
461
565
144
372
-152
-733
25
411
-687
-830
371
-588
-960
-757
595
-253
-169
-657
-199
417
-595
-913
619
215
-213
591
-31
-278
-240
-403
787
-780
720
-513
149
-433
-246
731
978
-376
901
-94
-407
499
-294
745
-755
538
-912
47
-489
-507
-309
687
265
35
277
-766
757
594
-612
544
372
-893
-970
-480
-769
-658
-749
767
-477
709
-771
117
207
-508
-139
453
587
-51
-944
655
0
-696
341
-736
339
-825
-945
-347
769
-999
-804
140
-892
784
218
898
683
26
221
-794
-266
450
323
499
499
-817
-492
86
-310
-879
-703
690
-575
639
511
321
814
567
974
139
125
727
837
233
511
-389
-313
-250
637
908
-44
928
-86
-722
-17
971
-981
491
-387
-291
612
-90
-602
594
-895
466
-85
919
-411
-555
-385
714
-828
-992
-496
240
-381
191
990
-745
-344
-497
740
127
-662
-277
97
-643
-787
267
66
383
-823
21
-467
-718
-513
5
759
76
451
931
-210
180
939
294
977
-443
-959
523
-631
-303
-975
666
382
-636
-612
-965
-279
-841
303
345
99
37
923
632
-124
-591
-806
-809
43
202
-879
390
-619
617
-317
-643
-827
-719
880
-901
-464
463
766
918
827
-847
510
-896
870
-188
6
-32
406
-71
-843
-718
-105
-649
-527
938
553
-848
327
491
769
567
848
500
849
284
599
942
-254
364
859
-871
75
-75
-766
-499
738
240
470
-300
726
184
-18
-379
535
13
-442
-356
-278
443
-866
-510
-434
539
990
972
-621
146
913
126
-934
328
-188
141
-747
-397
643
548
401
-331
-753
126
853
-213
747
-56
357
863
588
-922
-138
722
-875
428
-183
-885
400
196
261
-131
879
327
-803
-309
-975
-993
294
225
555
-749
451
359
378
303
703
-319
804
59
-900
391
-306
-38
-331
-180
948
486
-65
-96
-762
753
773
-883
-364
527
-635
-339
534
216
443
-355
468
-107
-996
-598
753
264
83
556
-677
-259
-497
-426
260
-271
394
207
772
886
668
-990
638
-2
685
832
-476
607
-951
616
-178
493
818
847
943
379
-752
253
-357
-111
-635
-34
630
-574
540
-111
155
-509
654
-516
-624
321
-506
572
-682
736
403
-600
342
9
573
721
-942
390
568
-999
-231
816
-189
412
-739
176
935
448
602
31
895
-686
522
548
-202
456
-575
-151
27
-699
-859
987
-299
483
-448
831
203
-389
220
-230
-831
546
-857
-20
-43
962
713
-552
410
315
37
304
186
-442
-592
984
571
-610
-611
-846
-309
-470
698
-51
-988
-750
-664
-228
-139
557
100
30
102
-200
567
617
-239
279
622
728
-850
-342
-412
336
-226
-4
-124
-656
-56
265
-501
192
352
-804
699
-79
-997
-966
694
-136
591
-650
451
-750
150
-426
424
468
854
-398
196
561
261
784
-103
592
-663
330
493
281
-848
992
-971
504
746
728
-575
306
763
-882
-830
-90
-975
178
160
175
310
-860
-358
-280
-257
838
-720
561
179
-266
-291
516
-936
-799
-647
774
751
-618
277
496
-890
702
-642
873
377
-915
-218
402
264
500
-867
-870
197
-224
-150
940
-830
130
57
349
865
766
-136
486
968
217
259
718
157
-465
-230
267
795
128
-304
-272
214
35
688
-966
-466
821
-836
732
-404
14
228
-676
701
-715
673
565
608
-906
-393
575
-132
866
-151
-976
959
176
-152
310
-696
544
-963
75
-421
725
-334
-330
546
-613
-599
699
401
187
-978
101
472
253
-777
-364
347
-170
-789
772
-747
-383
797
-789
794
-799
78
655
746
115
-714
882
-603
-48
-449
500
339
-490
198
-704
697
-222
-46
-275
588
-266
361
-509
565
129
-738
375
747
616
586
97
818
-337
-249
120
335
37
1
732
546
109
231
-559
619
987
-263
-128
-679
248
597
909
983
-485
-601
547
644
-782
-79
-53
835
-937
-957
209
-717
-649
-672
175
388
-114
-93
-510
995
695
-69
171
681
668
-958
559
-84
197
467
-102
712
423
-999
-88
199
-521
860
-410
-901
903
799
-618
812
-874
557
199
-431
-980
690
-437
716
-823
734
-47
846
334
-488
-682
-470
979
-227
799
-41
-669
-290
-843
-190
-874
-253
-91
587
-898
-152
398
786
962
-847
-646
983
400
-526
698
578
766
-793
-20
99
-281
298
186
-745
628
-459
-229
959
251
-72
-675
-65
232
234
-479
-109
639
919
-324
600
-929
30
582
29
504
-164
-394
-174
44
586
925
763
-560
-333
575
625
208
-655
583
-984
273
908
-49
-939
-302
29
-48
-664
-496
185
936
-868
772
75
161
276
911
767
-899
-46
-91
584
-726
349
-750
849
-27
16
-806
-888
32
24
577
540
-357
832
-432
595
-833
72
-663
661
204
-892
-265
-635
-59
-355
689
-400
157
-402
-817
431
504
991
-164
-966
-437
30
704
595
-946
281
-309
-303
-331
259
849
-163
888
743
-946
-351
852
-654
-429
-208
-452
-741
392
705
-586
132
-308
919
123
529
510
686
-442
213
-162
-831
-507
529
-577
163
-655
830
557
790
572
168
-562
-20
514
-434
773
-939
-174
164
324
-203
-704
-985
-285
-24
101
-776
-339
217
-5
56
-57
488
-858
-76
-793
-513
-247
321
834
882
-955
830
-138
559
-605
-366
178
-222
355
-942
576
208
-927
848
-817
-268
630
-598
949
-376
458
-109
669
157
815
434
201
-876
-246
35
564
-200
-136
983
916
-184
-827
-350
595
528
-292
-273
-707
-661
-426
-524
71
-797
-565
-424
-173
894
24
-504
50
-604
930
-749
-923
-760
-157
641
-403
264
623
-930
-921
796
-280
231
-119
429
958
174
325
-468
207
-605
-265
643
-472
120
93
552
173
700
948
-341
508
-975
-101
-650
223
54
614
-154
124
251
-802
844
-519
-364
-171
-561
810
-847
-29
-426
-895
263
-784
-367
-618
309
743
112
8
690
771
-484
272
-330
-134
-505
724
-963
-102
-153
288
96
-753
769
290
77
765
99
-213
-265
230
-107
556
446
83
938
-246
-175
50
320
-928
-623
836
344
47
-742
396
-673
853
-707
-269
140
-53
-21
-534
-764
613
788
-108
-601
-477
-878
-151
-922
568
933
573
880
-686
-821
199
-614
-443
34
288
161
-151
-317
46
-298
-466
777
399
481
-245
422
274
-633
210
-835
-676
290
845
-270
-75
413
-781
-503
-151
-466
-766
-953
-523
