803
-29
292
-259
619
689
-625
-76
-702
754
97
919
-265
-756
260
-409
-108
658
-939
-889
-226
-592
-404
-451
-527
-256
129
448
-693
-543
-111
667
428
-820
965
47
869
-660
528
724
651
-819
643
943
-575
-541
-467
318
675
-406
-14
-552
-441
139
-445
-410
440
684
-963
304
-859
-516
-29
126
-336
-508
730
-910
-168
257
814
-961
438
13
982
421
473
-929
-262
-296
-778
281
152
-661
-580
264
-71
860
-495
-477
164
-354
7
692
329
229
-817
59
319
-427
873
132
-388
311
703
-849
-269
-268
780
26
436
-998
-694
-856
899
-717
409
-173
-857
914
-93
-136
-884
472
-888
445
-300
-705
-940
-982
-132
934
-293
38
-199
-591
-254
89
141
-475
-886
-424
-916
978
-722
983
-739
687
-634
962
600
-169
-618
273
860
-506
-726
-441
-211
-665
-866
215
826
-602
810
-374
-192
-888
715
506
-363
386
640
-721
363
918
819
181
604
743
142
-240
-427
524
-968
-568
-983
864
-452
-636
-802
-318
136
581
80
-55
764
445
57
35
-49
251
-580
-853
87
341
-936
-94
-479
225
-352
221
542
-222
-699
131
210
877
-6
315
-760
-250
997
-67
-670
-367
878
652
636
-509
-314
-857
742
-336
-710
-614
-996
912
292
-918
-307
497
-140
-766
-726
162
365
484
-405
916
-645
-165
-335
-649
768
-447
-459
202
-796
-824
250
-110
-681
-452
111
-834
-66
115
-923
-775
-245
-230
722
172
4
996
891
926
36
-515
399
391
-123
-937
299
-799
-827
841
-40
-623
574
-791
-175
451
-242
936
617
692
-392
695
918
-80
-979
196
649
-417
-251
540
-935
785
-976
464
-267
-541
85
589
-340
258
-14
621
193
-440
830
575
-990
-856
510
184
837
675
-122
311
-849
-543
-937
801
40
-188
340
105
-846
-79
-431
-556
380
654
-968
598
-532
19
-225
661
136
-839
235
-297
-694
-698
887
700
534
-678
10
686
-221
-370
486
376
443
-618
-520
154
-140
-394
598
798
817
630
395
-715
-795
727
503
341
888
-262
601
751
-403
488
450
-870
367
-984
816
-855
-353
-142
521
647
-203
558
-200
658
-836
-603
455
981
584
-594
823
790
-868
326
-313
-981
621
-712
328
-783
333
-223
-653
-301
-206
721
-599
-2
-865
479
-356
-67
36
444
-853
-243
398
602
-705
-19
565
-883
-673
697
0
-428
273
-380
-140
-400
-163
750
-65
-258
-552
729
-981
-151
-717
712
-673
-73
-356
-80
928
-652
678
325
950
530
863
71
647
-810
-233
-353
-681
598
267
179
-803
662
-72
132
961
-67
-583
980
339
-300
248
223
184
893
-858
111
-760
377
993
748
-94
856
-182
-890
603
143
-686
922
-260
581
-343
-506
-201
142
184
-684
-926
601
853
-30
859
101
-808
-401
-7
892
711
-210
-174
260
-906
732
115
-530
399
-726
170
713
-805
910
-149
-148
961
207
551
144
524
182
-698
376
-849
-840
-524
-657
-241
26
793
-974
374
-382
287
468
907
959
495
306
-767
-336
18
986
-870
426
-605
649
-367
946
-208
-844
128
94
532
279
-189
566
180
128
-409
-28
154
965
147
998
-10
53
514
-516
-642
747
-294
-66
732
-607
-641
-874
-959
-451
630
-166
-295
-243
485
795
593
-704
360
-671
-19
951
-142
-866
473
-996
690
-538
58
203
-54
416
-494
209
907
-763
603
824
922
201
-628
108
-966
-365
422
77
987
14
-70
-97
344
911
-590
759
602
883
764
291
-656
-179
-950
-152
794
-444
-944
701
-649
216
81
830
-583
10
-63
-992
645
-642
85
188
-71
-986
-910
830
482
-499
589
84
-617
352
932
-272
-828
983
133
523
-905
-254
-220
-554
963
861
833
937
-129
-231
945
-928
-316
-413
261
614
-842
351
443
641
852
-412
-276
793
940
-345
-923
669
-806
210
192
-710
956
972
-707
475
833
-874
411
-740
-105
356
-668
137
943
593
-250
-900
-499
750
298
910
-662
579
702
-723
792
779
504
986
-455
-305
833
-499
-334
-874
976
-945
-748
387
873
-296
-701
-795
841
799
355
-853
456
856
898
-246
766
793
-668
467
627
-877
-197
130
-891
348
825
499
406
-952
625
382
661
434
-675
534
-862
-819
296
536
980
-350
684
435
-494
138
-812
829
-70
-922
-148
-444
-799
655
244
868
-440
68
367
966
-327
-452
347
-666
983
229
425
-880
410
-280
656
389
370
-104
-619
433
-967
-874
-182
-480
-796
671
-366
-594
-118
878
831
442
-498
-246
408
176
303
-689
67
285
98
-509
-38
-493
-232
-826
454
695
71
392
-315
104
518
503
182
723
173
816
686
613
693
516
54
-806
828
-982
-73
130
888
994
972
-15
-959
-67
49
-634
107
-498
-939
-823
894
-254
-161
-31
-752
578
-309
-21
