641
537
753
518
820
-274
202
858
543
728
-885
-173
-217
298
-926
278
365
757
-651
999
828
-453
-846
628
231
720
-801
883
927
895
146
124
-12
-545
-359
-192
181
401
-778
-719
-315
895
108
468
192
-261
-698
-887
-505
-349
669
880
-245
381
507
986
-343
263
868
-417
-286
-429
265
703
-417
906
-490
765
-137
-268
603
548
-374
-733
15
375
6
317
45
58
525
-287
-62
838
651
-556
380
-693
708
248
-109
-579
376
-845
681
959
618
-810
280
-519
-521
-561
-972
-338
-294
-399
-964
712
475
-362
-673
-443
352
265
-606
2
709
774
-133
-27
-422
758
-48
511
470
-368
470
-356
-177
-694
-318
-141
-254
-732
522
9
-574
115
-722
901
754
-395
-543
-338
870
-592
664
135
-818
-913
-892
-240
402
-383
-729
-129
249
298
73
629
161
755
-512
464
580
-991
-527
-995
-319
-692
464
-566
-87
921
96
-218
-671
-683
474
-932
-596
582
-615
807
-802
-787
-766
5
68
307
-810
-771
-381
-322
250
756
-756
280
762
-74
588
225
-83
-500
-298
-987
-161
-412
-670
-687
-344
-266
452
-401
-903
208
-188
-668
-788
438
196
-598
224
372
-362
-527
128
-561
311
-111
-78
-102
671
840
-44
-628
853
352
-482
740
222
-269
-970
-326
330
-872
439
700
-983
208
137
213
167
918
-415
362
-610
713
802
258
-842
-277
714
829
-881
-774
758
529
578
-725
268
-643
7
299
-412
894
-16
-974
593
1
234
-714
771
958
-797
-645
320
-849
625
121
409
340
401
122
168
521
348
-74
-394
-517
-242
875
-160
765
-270
428
659
714
11
-192
-729
802
95
-959
759
-145
955
78
6
136
-802
973
-524
157
94
644
-766
1000
-874
-160
-961
-558
-729
-121
-794
1
864
422
-729
-126
-770
-458
-768
-118
-859
991
294
-905
69
-700
231
-176
-728
707
538
-77
-92
772
-521
-409
-831
-482
33
-560
-46
-203
-1
-183
-782
270
248
-995
370
37
-556
511
28
739
606
-904
596
-607
-523
868
658
-985
-653
-878
344
-173
-287
513
-98
747
954
857
-900
-491
-770
876
779
36
882
148
-928
883
-785
100
621
378
-247
216
772
-212
-360
-14
-197
-455
108
-854
-71
821
660
831
124
170
244
224
679
475
100
14
-933
-462
720
-861
-580
935
-203
599
313
107
-629
84
895
-431
627
-303
114
-266
-599
600
-446
618
-13
236
-656
-769
-984
580
263
-327
-407
330
211
870
26
189
805
380
-656
117
-513
-285
758
-619
-159
384
-364
512
-883
-406
111
-772
-789
-902
21
-445
-671
38
692
149
711
-716
-522
-521
-846
504
668
516
-116
-989
-368
-72
-717
947
-134
-318
-113
59
-807
-439
653
305
-654
421
-40
368
976
-154
-595
667
995
673
509
-971
-849
220
533
376
-265
974
-56
-76
-99
-215
-573
325
467
314
-617
660
432
-964
-479
778
457
38
-298
-10
884
-336
-787
435
-663
722
464
-955
-502
-446
422
233
-916
-635
714
-457
-293
-860
868
-827
11
-750
834
-558
844
912
778
301
-50
-521
848
-610
144
-940
826
481
340
-154
526
395
400
-496
-815
485
-573
899
-973
134
-961
452
308
-393
702
-302
50
546
-391
-173
-597
559
306
808
950
-551
425
332
487
-236
-823
-430
717
578
74
902
-381
501
800
-797
-808
396
655
500
-997
356
755
53
-542
-637
437
-582
480
-701
-775
-14
-251
651
-683
793
972
-506
-638
688
629
437
146
-753
-506
-54
-993
-757
-659
662
300
902
-425
54
-489
33
-25
948
9
-546
-753
234
-3
-447
-559
314
-655
971
365
-735
215
-6
259
-639
-202
753
307
-194
554
205
-976
-147
-336
-401
908
175
633
-118
-320
-359
-107
-73
432
890
37
431
-240
-61
401
-876
204
-385
-325
-538
-24
31
773
840
394
326
-398
418
-822
266
-983
643
-560
207
-919
120
405
-469
604
-607
-580
-803
824
-263
137
224
-138
-660
397
94
-197
930
-876
-868
327
518
458
929
-507
193
-249
-490
-164
-252
717
-526
426
-322
6
29
71
426
-216
-105
721
921
676
-418
-740
72
676
-380
-441
358
-248
886
-125
767
371
-75
-40
-879
435
353
-131
-292
827
852
386
-168
-119
-986
816
222
-91
536
142
-859
675
-41
214
-93
580
330
-736
889
215
-303
213
-415
622
-828
-737
-386
82
-311
322
-92
-459
-735
298
-21
-721
113
-800
-255
-795
342
-114
880
-700
657
-214
437
-14
-392
-117
758
305
-905
-658
-74
825
-395
540
-94
295
-581
371
836
-759
-332
-186
-923
781
-429
-178
986
913
708
422
770
-78
-792
207
908
-184
647
666
678
742
565
-840
123
728
258
-972
-421
677
399
972
918
-933
-658
995
405
-87
-627
-52
-175
638
-631
-849
-441
-866
358
-976
-493
-439
247
-816
860
-189
-655
-18
-905
603
-433
-326
279
524
-798
-247
148
-456
-696
-448
14
-766
500
396
872
427
548
989
561
-538
570
-932
24
-184
-748
-117
184
-846
866
280
757
990
511
-408
513
714
-98
-340
815
-237
-230
-171
-3
827
-776
-574
253
329
-586
-629
792
984
997
-628
-644
806
255
540
961
-323
-624
717
-333
888
-691
737
158
-232
-603
-471
532
-276
-85
-915
-450
-303
-489
361
-975
-518
732
374
-978
728
746
-622
533
1
476
493
235
852
-233
902
296
-367
196
-990
401
593
-460
-511
-684
455
-425
-577
-849
86
784
735
126
515
108
148
-201
-146
84
890
855
-441
-61
-354
968
706
-895
-179
-662
301
-169
297
-550
-72
786
-234
941
918
-254
-909
4
-470
383
687
602
-509
-166
959
345
475
848
-244
591
-214
402
559
-951
507
937
945
-636
-676
241
-186
253
-416
137
-250
-499
884
-602
62
-587
782
-695
572
-728
140
530
617
-829
377
930
763
721
331
-122
770
-605
-186
271
-241
-305
-931
131
948
-347
-733
-303
-289
-850
96
331
-437
-566
636
693
-294
-668
222
880
-939
-844
809
824
877
-304
-742
203
-352
72
-527
408
324
-901
-462
272
-248
-195
526
21
-487
-822
909
-367
-388
101
-675
-125
434
548
-246
495
704
-438
-125
137
259
133
897
907
762
927
-129
85
-974
-34
914
-665
329
440
356
842
175
-179
-526
345
923
-200
-781
-87
905
-26
-593
165
93
-161
-699
909
972
755
816
733
681
-757
-626
707
-233
-712
-958
653
285
-45
51
-541
334
525
361
256
882
581
-832
343
-889
-868
-493
204
-29
-635
113
-501
-881
-515
-769
358
-715
-395
64
52
-550
-337
-296
735
176
755
-806
-491
-163
112
322
-725
-308
490
176
-197
622
683
565
-851
606
-323
-352
725
-281
-564
-361
4
41
704
614
49
924
875
-217
-344
187
-466
165
581
647
-514
856
-662
533
-412
-301
-289
-729
821
-140
434
-946
65
-285
-227
501
355
334
-901
-385
-53
148
-462
-621
931
195
566
-535
917
146
-889
961
-442
-994
493
147
-738
-796
-25
640
-379
-592
694
687
-320
-977
187
-966
358
286
-351
862
-567
-255
798
922
940
363
-614
413
-935
-946
373
-819
618
-134
328
438
70
860
77
691
825
-229
377
-496
-206
-879
-904
709
407
-255
128
398
490
-75
319
-14
846
705
-601
911
316
329
649
-67
-806
-24
-630
-179
-608
5
-931
774
776
3
-722
-874
124
-626
393
-912
-324
-923
486
724
2
-639
-734
-596
623
-778
-685
-62
552
964
428
303
-503
356
-876
-554
-640
751
-780
-865
-247
-945
819
435
987
-232
523
-338
-155
-435
943
405
-74
-791
809
-452
-569
681
43
983
202
-530
286
256
826
-33
702
-815
-283
479
878
27
534
254
-982
520
-979
98
740
-576
663
682
829
-855
891
637
-750
-678
-125
293
862
-924
321
-296
332
146
228
-410
-111
502
-931
-677
-914
603
134
-896
-320
156
203
-581
137
-578
-900
-35
-432
992
-842
-625
871
33
669
289
-334
-11
551
555
692
-222
-855
-863
838
772
-539
924
374
595
-973
611
-693
-213
-971
444
210
688
966
335
236
682
710
-337
-729
-65
952
-62
481
59
-951
173
395
-806
310
232
966
328
-288
-103
-520
-261
-493
-213
84
-906
789
-707
782
311
185
-426
-8
-106
237
-179
387
-255
316
-133
805
365
597
199
560
-536
988
82
792
-301
979
-729
438
-957
-384
-922
695
962
-629
33
272
113
607
822
565
-157
-358
-49
588
958
375
392
322
-28
-853
-562
436
-866
521
-216
-167
56
-387
829
99
229
907
-207
190
836
826
-982
-52
-11
840
-488
832
-962
20
-23
996
-605
926
-125
367
-927
313
-641
765
-610
143
-402
447
756
984
-455
-459
890
-104
288
282
-722
307
-770
268
-297
-701
-344
-258
320
633
-706
715
559
169
-362
189
-961
-3
-47
-571
697
108
433
10
-352
536
551
-905
-569
-604
377
-734
260
164
534
963
464
748
-739
-217
380
-887
-946
-505
-161
-308
241
-565
246
752
-135
-501
-584
855
509
65
390
-383
160
378
13
-464
645
-728
701
-265
792
-279
-518
611
61
420
724
115
915
-881
364
156
-445
-834
-536
-23
-335
-120
-169
-826
945
-779
-652
-339
599
361
-245
-200
190
-988
536
-462
-267
575
706
794
-6
-14
-535
-534
106
829
179
661
552
643
-806
-784
-478
25
948
-976
-197
-705
-315
960
213
440
-241
-598
452
852
-502
742
-16
-797
535
535
190
557
-1000
853
-58
-264
70
-507
-622
264
-733
-542
846
772
-961
-351
-933
-276
-392
-163
722
-76
-203
-270
-667
295
-528
-126
55
564
-592
802
-322
967
654
620
-298
-277
671
-362
544
938
-347
390
709
-308
-962
333
-27
-797
-830
-749
-316
-33
-18
-426
819
11
448
-127
-869
857
-768
-191
823
886
987
-919
-834
657
-281
267
594
-71
-344
-141
621
-749
-808
-849
-989
920
-598
-304
-557
384
270
-739
952
-282
-309
-917
-869
-77
-551
511
-191
-565
592
-468
-909
869
799
242
-203
-988
-899
976
-737
851
-874
-725
770
-472
-472
-788
470
798
-527
421
-928
164
61
-797
645
511
271
-990
503
-137
-458
152
-269
898
-607
85
910
-506
60
731
-656
-257
563
671
272
-910
883
-702
445
-645
719
518
77
-663
278
-279
405
-451
-269
-93
412
-170
-942
700
-716
-991
-216
752
-497
402
482
-595
-856
44
-925
-27
-309
959
271
-865
871
-453
653
-496
-116
-512
-218
-712
37
70
-248
-995
457
-632
262
742
-623
603
493
-563
4
-469
-158
-294
132
-525
679
823
991
-50
515
418
54
-275
480
938
213
-739
783
807
-111
-466
369
-655
-541
-370
644
-164
-768
136
274
-206
224
673
500
913
705
-265
292
252
685
-193
-330
-262
532
-851
-768
-699
968
572
-893
-144
664
476
202
-878
-895
-155
-484
895
539
790
-755
-681
19
745
-768
-719
-520
524
533
722
888
-798
-983
419
909
807
720
877
379
384
-268
42
-141
491
164
-479
894
680
974
-11
26
-782
308
603
964
97
441
-1000
-822
-27
279
-935
-267
-147
42
-359
-340
-239
-483
596
703
-193
-363
-439
-703
358
-360
748
-405
-387
-264
178
-169
-956
-220
-649
141
-780
-649
319
-249
188
-58
484
-960
984
-876
-743
-699
-801
853
-997
-437
-954
-435
-583
405
205
-835
1000
375
-99
-266
-795
-55
515
-443
644
292
-535
-481
600
210
461
83
-192
444
-235
65
746
-479
-525
749
84
-479
871
501
483
-368
666
39
-994
-433
774
770
69
-155
884
-288
-864
-652
232
737
116
-751
-624
924
694
141
-12
-4
219
20
-699
-698
542
730
804
24
-639
469
-937
926
593
837
695
-338
-319
578
374
-626
483
-838
668
-402
-588
602
-479
663
-701
67
-342
519
-914
-484
821
185
-755
181
-791
-393
-793
830
-911
800
223
784
-982
461
-82
393
392
958
112
-383
-887
81
-782
-366
-257
-483
258
-42
593
-98
475
414
-914
720
-849
853
884
-642
682
973
716
-539
313
734
922
788
-317
-129
746
796
488
859
-124
706
-951
177
780
-135
-866
-70
767
609
901
853
-114
-949
706
-231
968
-56
-258
683
406
612
-27
-116
400
657
755
-298
9
-201
-883
442
-939
-834
-382
842
31
-247
-229
-646
919
-329
-793
-196
-721
470
574
-754
971
873
929
-67
41
-541
818
998
-885
129
-301
124
929
-184
-878
990
-460
-259
388
128
51
716
483
-474
944
247
331
-777
-727
-539
-974
-757
891
513
177
-69
972
-449
-71
-914
680
185
-233
165
-999
-554
-288
-902
-256
-901
-217
795
373
823
879
316
69
209
96
-101
227
123
143
117
-808
877
605
-837
-573
-467
807
664
276
-870
-614
-166
-424
98
-68
321
-246
715
-328
-874
95
-450
0
-837
316
-905
-380
-458
-225
763
216
-476
196
-179
-313
623
-89
-950
-157
744
-820
229
-423
-686
884
509
192
-362
-219
864
-236
876
972
321
596
-156
417
-785
387
749
535
-841
-727
-270
-463
-483
910
6
-432
-247
-251
-695
539
327
-824
423
-608
368
-940
-270
-211
-619
-395
-683
703
759
161
-324
531
-896
-576
66
-736
-746
353
-642
-671
263
364
-546
573
671
-684
111
-3
-507
-467
389
418
-407
-881
-794
-468
-719
-477
-766
597
685
-533
128
789
-552
751
610
-297
-340
969
-411
923
-111
43
495
-441
359
-837
556
852
-304
-498
270
-153
-822
33
379
-984
114
170
171
-645
637
856
-857
-916
163
311
-656
823
-164
-67
303
725
976
-203
-716
335
-40
397
-257
214
456
570
-940
191
-840
-4
-235
274
-835
936
629
359
791
329
443
-47
-361
788
-225
32
-723
-923
-243
-747
-568
-402
145
-51
552
445
-838
-435
15
780
756
175
-225
-480
-995
-503
-988
634
856
803
-481
-144
-688
-284
-800
-355
748
-523
-721
-939
-270
-289
-341
432
218
769
-123
-63
-667
449
-283
646
-820
49
724
-815
104
736
376
-484
539
895
372
408
-390
572
-948
916
607
-668
977
-664
-400
-807
326
375
962
-798
-688
852
208
-414
497
388
192
220
130
-705
-44
-938
-188
-949
957
741
16
-876
-130
69
-961
-524
-42
573
-631
558
766
695
-510
727
454
-198
135
-339
388
-368
606
-421
409
-708
-568
922
-646
244
530
869
-459
-454
550
411
172
589
444
-871
161
814
244
-516
65
734
-790
-924
-908
-97
-706
480
535
901
617
-500
750
-952
-578
-896
-151
509
530
-53
-946
79
916
-217
-333
359
-88
385
-271
714
869
352
4
637
428
97
-461
722
-867
631
179
750
-870
-71
355
-891
33
761
619
-438
-292
230
641
-377
-987
865
539
-518
-194
-732
-805
-768
177
200
426
-396
854
522
-675
987
-291
505
294
-604
-567
-352
-494
23
967
682
142
-326
-532
-661
-146
-962
-797
-608
-479
-434
-783
-727
-645
394
30
781
555
-117
-141
881
-130
568
-58
721
965
375
926
-973
955
892
709
96
-435
734
435
-24
773
195
-74
-707
318
-300
-877
674
-906
154
11
206
-964
871
86
-537
438
-973
741
402
-41
667
429
-87
558
-306
566
681
-572
0
-344
-800
752
139
-950
70
840
-827
-257
491
-116
311
-304
-522
181
783
-502
-381
367
-761
578
884
906
7
-204
20
258
-638
-300
686
-81
-86
443
-329
-948
50
298
892
-219
598
382
665
-92
-922
-858
-911
418
-802
-735
-659
-563
843
-776
900
-151
-422
-81
665
-503
177
350
416
-910
-650
644
-858
400
-59
592
-820
-462
-27
403
4
-392
102
93
-975
300
358
925
294
200
-852
-250
607
-274
227
271
223
-597
-823
-804
-950
-473
840
750
485
-662
341
222
-567
-686
-376
437
-521
727
-471
-938
-417
444
987
435
-799
-866
-816
365
-582
411
-808
198
371
-631
394
-22
-546
234
-272
496
129
-932
-283
562
940
342
-1
-581
-375
85
-962
-235
-471
-976
-801
-270
716
-616
-906
-867
352
-714
332
-720
-788
-718
258
-777
516
986
719
-799
612
-564
764
551
335
-238
527
517
847
565
-719
933
146
-519
-338
-138
-578
-687
-448
331
-844
441
611
927
724
-574
-851
-204
-589
426
-2
580
419
-682
131
-690
80
-786
827
-517
780
-893
-584
-518
-855
-365
344
-876
-51
454
456
-338
-106
-377
-412
-826
-394
-705
-472
-425
721
526
-846
-304
401
285
6
-520
500
-168
-480
-164
-504
-64
318
-801
129
-781
-677
-923
673
336
-704
-877
517
-558
856
-878
-263
-617
-303
-986
466
-148
-290
-134
694
273
-97
-250
-896
423
586
-843
917
-539
-644
45
-320
-763
-321
910
130
-25
590
-354
417
445
-674
711
385
-420
725
-150
-11
992
273
-317
264
-825
433
-75
156
-424
83
72
-406
-4
-884
-169
-210
-648
-260
921
327
887
-877
-699
332
-994
-989
-727
-413
294
124
576
-158
-604
816
-894
-871
-194
-412
285
-61
671
-644
533
-776
-971
-637
14
-619
-340
-509
265
-454
-385
123
435
-379
-308
709
-235
986
-611
899
-173
-658
714
-510
-529
-481
79
313
458
-694
226
-453
-470
-188
-90
102
-250
127
593
-985
231
765
138
-778
944
830
488
-292
372
877
-394
757
777
878
-754
-753
-604
-118
118
412
189
-657
959
276
-287
-574
-623
463
110
971
478
-660
735
-827
-437
235
560
-950
944
-511
485
-894
-755
261
984
-952
65
938
-512
-818
-94
677
-917
-136
-491
-647
-153
-113
816
515
-586
-149
855
706
-419
975
-59
-860
583
-116
-814
-376
-453
989
885
-469
595
-494
-975
-918
-754
-69
316
-671
352
825
-318
757
-732
-946
271
-318
-95
125
-612
486
-343
-114
184
797
327
-73
-580
874
-84
862
962
-490
-633
987
-408
-387
-526
465
-501
827
289
-262
583
558
-207
-147
797
255
535
742
-259
749
-373
482
545
954
-592
522
385
-119
383
346
391
308
-110
540
478
364
4
978
-253
851
-728
-671
-35
65
-261
-239
878
832
-497
-825
580
-313
657
-318
-802
622
761
140
-497
144
-958
451
-992
-68
-9
486
854
552
463
-400
-41
293
-513
924
915
226
-758
792
57
-698
967
-806
-11
180
-124
-256
-641
-364
884
-138
337
927
870
-98
-585
-140
-612
-732
970
408
-574
-515
-300
-87
-591
-385
696
-792
964
-690
-490
931
-496
56
-333
-63
801
26
130
241
445
-976
167
315
-74
583
732
314
408
701
-721
834
744
-21
-697
-848
151
1000
918
115
-691
-573
-398
-630
483
269
307
-160
-705
994
-919
297
-983
248
-389
-56
-613
-657
815
353
601
-907
186
344
-370
490
53
338
46
-30
-548
-88
-46
54
282
-563
881
-412
-166
733
-419
-85
29
-844
721
641
100
665
984
-529
17
141
-878
761
-515
-248
-193
95
647
853
-935
-901
-236
-424
-290
-955
13
-853
-810
405
880
-672
-681
-534
-516
597
-894
141
-181
647
170
836
-213
292
596
-171
601
-598
482
247
812
547
-97
-425
-878
171
-823
-307
318
925
655
198
811
531
664
-706
128
327
-7
947
-470
-838
339
-126
454
-65
704
-389
-106
-258
858
-294
846
-239
-162
525
932
-427
-783
-194
-946
429
561
865
-40
-219
717
-913
-893
-291
591
-363
-572
-71
69
439
421
-671
-951
873
71
907
-865
-84
-776
-470
-560
713
103
-785
-481
-285
644
-921
-421
-397
-139
853
-753
-475
-882
395
-280
-454
882
789
985
302
-883
591
-269
188
55
-134
661
279
397
-900
-451
-944
-685
68
-229
517
-296
-92
-881
122
-240
925
648
-121
319
-633
425
200
713
-33
-941
830
-886
-210
-426
169
657
-766
-995
-390
-666
-446
-334
-793
179
-5
724
883
903
400
-438
-338
324
-791
98
-357
-867
-920
400
846
47
459
232
-282
-751
363
888
463
597
893
-928
488
-997
-705
252
182
-153
-25
-379
-251
-625
183
-31
256
-51
-934
899
82
704
299
-516
-250
-686
273
26
-880
-365
-87
583
789
-638
212
277
-635
65
-472
104
912
61
725
-339
436
-535
187
-309
-29
-190
-853
611
-486
3
-906
-179
317
-75
847
438
560
-241
-423
349
-322
790
-818
43
-589
-290
704
-678
771
429
-460
-237
451
727
12
-579
-906
159
-969
-392
-839
684
429
35
-392
-167
-528
725
149
-393
73
828
-604
255
-573
-193
523
-869
-314
-150
117
227
614
-433
-490
-375
-455
-396
341
-866
212
59
375
-802
651
540
31
681
264
-821
-713
895
564
-760
-294
992
-396
786
-878
290
-364
-204
-927
807
-80
-416
989
22
188
329
156
958
945
-913
-845
595
627
-257
275
-552
-521
562
900
-957
802
-395
592
963
-609
271
253
-416
-934
326
-610
-457
910
-622
565
-345
264
-722
-388
208
-635
-676
-198
550
-376
635
555
103
-247
454
-297
-445
-942
852
-926
-994
-321
327
-853
-698
-790
-463
-155
677
-85
-590
-669
736
-312
-500
-57
-390
-619
303
717
5
-506
271
666
247
-276
926
359
-660
778
434
-654
-544
-240
-949
-241
-30
-412
161
-796
61
571
-465
-204
816
36
297
984
-26
-844
700
980
-350
-29
645
897
695
570
256
592
-96
-311
496
-82
6
547
677
534
-866
-606
738
-248
966
-728
106
338
-135
-598
-122
840
-442
-422
376
-235
106
-423
-339
-643
-854
917
950
-392
-838
445
526
169
-9
-241
-741
-318
153
997
435
-325
826
-903
571
-309
-501
-552
-913
-386
26
20
379
689
597
-961
-954
300
514
553
908
233
-3
433
959
545
749
-783
784
-98
-787
-225
134
-961
-128
-296
-713
371
153
932
542
736
-49
-80
425
-453
-483
28
847
588
-420
312
-180
134
-699
-664
-322
-950
-447
-982
-491
-233
-206
643
-637
666
905
-793
-406
57
-862
-865
-651
-354
-387
774
-250
130
-199
-847
-726
-62
465
-349
-929
767
-13
-694
374
541
-675
883
865
119
82
785
-216
-14
992
378
600
687
71
950
-668
684
280
-361
-630
-919
-208
-356
-424
-743
-148
-352
581
840
-46
-46
-63
279
-607
-642
955
32
700
-261
576
691
674
175
-66
-256
-319
-177
985
962
462
-646
600
-747
-445
-825
-933
408
-177
648
-196
335
-842
298
-830
-449
656
-875
584
355
-136
159
-398
-906
891
93
-604
-428
916
938
-467
-66
-708
-868
-256
-596
-693
-188
369
-312
-541
-828
580
-382
470
750
-274
-318
875
867
-964
-705
-418
-805
-610
-527
288
-657
-398
-240
-720
135
694
-871
-176
-562
-466
-312
-193
460
-67
-177
633
-488
441
-341
-738
725
342
-864
591
-65
-568
-827
131
-621
-797
976
-721
-195
-264
-441
497
987
-754
878
982
-663
-435
-212
797
56
612
-14
568
-391
646
830
891
-456
524
482
479
513
212
-834
892
-28
700
728
334
-565
844
-613
979
-911
-736
961
-574
-614
-695
781
442
917
-234
-433
-917
969
-604
974
-488
477
12
549
-11
-777
272
-563
-248
-29
-836
-915
406
-992
-971
-58
-903
-707
-98
-919
-763
207
862
236
-319
-816
803
-236
711
757
-263
-778
-210
750
328
780
530
-400
-784
-718
571
-619
925
-466
947
955
33
-957
805
935
682
599
-302
100
-608
379
285
752
700
-5
508
995
-226
856
301
660
635
-170
-741
408
-331
387
789
-849
478
292
663
-490
336
467
-999
-426
-377
-743
675
15
193
-484
-234
-107
511
832
-113
842
687
-813
501
321
-426
317
-272
-199
-296
-926
-48
739
366
-386
807
-742
638
365
-167
-740
622
-493
275
-628
23
-959
265
-910
873
709
932
559
453
-10
-564
584
-694
-279
-616
-433
-205
336
864
719
950
670
977
588
-409
-634
405
771
-570
-320
-858
10
-279
-36
-343
-850
-328
-854
266
682
136
702
265
442
980
650
567
-225
-15
430
-950
-508
-344
584
637
-196
951
41
-426
938
278
-284
-52
556
237
605
706
909
751
-29
147
-557
-771
-588
443
-791
-939
9
-459
-397
996
-852
-348
-349
732
846
12
239
-556
587
177
722
860
682
278
97
-157
-17
-438
-849
512
710
-406
298
-879
594
64
740
-398
162
900
-403
310
-891
-195
42
955
818
838
-602
-39
-429
-880
-180
-748
-45
474
-347
495
594
-639
-437
303
-488
862
-19
-894
-518
-723
-735
645
734
-137
-489
843
225
553
355
-401
391
753
560
962
430
938
772
-616
-32
982
437
-439
-658
1000
864
-146
418
-599
-40
901
-765
226
102
970
646
613
812
-573
-277
166
-416
671
-524
701
189
906
638
-40
848
-837
-502
-159
-276
-160
-160
-855
252
-742
-897
-789
716
-661
-6
-183
-692
-804
-571
-881
-819
152
-157
-235
-621
319
-535
569
-219
661
-915
-815
824
-416
26
-453
424
424
-751
-325
682
-647
-556
397
-308
-5
771
-443
-251
757
-767
-70
-534
76
695
-155
952
-841
-587
-710
820
-501
-525
643
-360
59
748
-937
-518
997
-704
721
907
-703
-326
-845
-151
-556
-288
598
-800
-54
-473
-334
579
-779
512
531
-619
482
821
758
981
853
-42
-380
-89
-295
-759
-50
-742
-906
-330
723
949
344
878
-203
345
-853
953
546
93
-521
769
-772
-742
-163
759
-804
-681
136
954
857
-454
-89
-966
457
173
833
965
432
484
-809
154
432
93
-412
786
-563
-265
738
540
385
775
309
614
-968
703
-71
786
-979
623
739
436
-832
-793
470
182
380
-141
146
-632
-658
-105
79
331
988
668
116
-576
960
-589
522
-98
743
-613
-485
775
-911
1
560
669
-820
-145
104
-652
62
-870
88
1000
-454
791
-633
-112
-315
4
-782
-328
-772
-109
-346
-813
-141
-825
89
-399
-438
161
933
-792
720
49
877
900
462
-463
806
-920
-333
-107
-921
213
-760
-996
658
-74
-435
433
155
-207
882
809
-463
-260
541
184
-101
660
-656
-612
426
621
-5
302
521
-544
840
-117
-907
-937
333
731
-166
573
292
-509
-502
857
482
654
-351
363
19
-257
660
-883
927
-885
334
-729
-496
-241
449
56
-939
-474
512
458
409
605
521
-259
-108
912
-686
-817
-597
-631
-961
442
580
-755
-196
-844
-11
-537
-727
-85
-864
607
-257
-360
924
-808
696
985
-725
-236
-1
685
926
-924
983
-182
989
-704
1
949
-777
-402
390
803
-157
751
959
389
771
789
862
907
396
-839
-454
-124
911
799
-583
-814
-881
416
871
-955
492
410
-580
37
707
-22
-458
487
576
489
289
977
239
-195
-78
10
-407
-217
-527
546
-55
-423
-579
-145
-625
-162
-402
-948
811
-975
655
-140
436
-926
897
142
-391
997
-815
-815
485
474
719
-276
836
-360
291
-571
-19
321
975
483
898
954
895
831
-652
-507
883
-841
-482
537
19
954
168
-85
-348
777
-89
-163
519
954
869
-206
-766
704
-8
82
690
973
-598
222
455
-700
175
-94
-870
523
399
570
682
918
106
-743
428
-727
173
-920
607
641
-526
126
151
-658
477
385
604
-532
-534
293
-560
-131
-486
452
-274
246
-642
-144
-674
314
-575
-993
-212
88
823
-784
-82
-5
-704
-476
-808
-673
207
-99
-330
-316
-715
831
152
-691
123
150
178
195
-842
904
-560
-927
-684
-234
388
-702
-669
-825
386
-847
-609
-697
-295
-756
-616
-546
-871
592
355
-644
833
198
-814
-459
507
-134
248
-759
-940
407
-856
-942
480
-983
-619
-576
-685
-731
-400
701
-578
-452
561
-316
-650
945
-304
-521
93
608
-608
-518
-195
-422
24
-689
444
-729
-448
505
235
-747
120
-728
-730
501
-304
-858
771
-147
400
750
-41
-40
992
-134
-538
-313
-98
555
-706
294
595
100
872
-382
-32
315
-554
521
-624
239
331
496
511
602
-3
764
301
-233
-383
-299
-927
576
661
-936
-559
680
-249
343
235
-397
-364
-614
260
-493
-439
-773
379
-436
305
756
803
-364
-192
313
795
805
77
95
-872
251
796
760
-174
14
824
-176
-307
-868
724
485
-265
-641
871
995
-577
-569
-779
359
-4
84
-329
-645
720
480
226
514
-159
-698
-835
-473
110
962
-714
936
-468
-891
-684
225
-759
-961
-290
-467
956
-863
-473
936
-874
-694
294
-321
390
966
34
-334
2
-741
-821
400
-882
902
927
228
863
770
-280
952
880
36
177
678
-368
444
769
-413
138
-705
-478
264
-842
374
943
105
-104
-23
771
898
236
507
297
355
409
-219
-861
-172
-450
-140
-220
987
453
957
222
-915
-43
-10
-328
-906
-158
-248
-84
1
683
-142
663
-422
392
434
-525
-815
-60
329
97
906
-891
236
-266
-340
-905
514
-797
549
27
425
634
541
-586
863
635
257
-829
-450
815
854
-34
477
-569
-643
-533
-537
-458
408
793
639
313
459
-125
604
676
-473
117
880
633
701
-139
266
241
276
-314
-567
-911
-586
-460
904
-732
506
-63
-744
421
405
-723
963
-631
627
159
239
85
591
-157
-682
675
517
-803
308
-225
-385
-870
-985
891
-627
-995
980
-212
-454
440
-387
-949
935
-574
472
339
-297
-8
708
-671
708
-497
-28
-145
346
290
-471
-580
44
837
195
659
968
210
550
898
216
86
-315
319
-917
-145
370
-983
282
-601
-87
985
-52
-823
872
-788
-320
-157
67
-974
-868
596
-997
176
-10
198
-166
-486
965
941
-589
-263
-416
97
-945
-333
952
-17
-759
-210
382
154
-225
887
-112
-354
-902
568
489
165
151
178
-683
154
-647
307
-649
-256
821
874
-758
790
-390
-174
-114
-334
50
-606
649
-152
185
-413
559
517
-527
-554
720
-872
-987
-235
293
-278
943
167
876
853
-526
785
-404
852
658
-605
641
825
-222
-917
-510
385
-522
696
-768
220
840
791
-707
870
-764
-988
998
808
-223
290
-471
-281
-986
962
-429
-512
746
-276
-661
-40
-323
538
-215
455
621
-168
-160
656
-915
-371
-125
925
-580
168
795
-787
180
349
578
514
-804
664
790
-790
626
-640
-302
-72
-358
-406
446
-124
-869
-770
888
310
-381
-273
-35
-739
-86
841
744
-109
-435
538
-339
303
-557
-761
-184
-361
903
-394
-151
85
-477
104
-987
-278
699
16
155
387
246
43
-304
422
770
662
684
-317
59
-16
131
181
-479
793
-517
-479
-969
-143
161
491
20
-991
-867
543
114
704
823
-631
-281
-23
756
522
-981
-991
-57
347
228
-817
587
-714
167
-282
24
245
-490
508
767
-902
922
-516
146
-59
-507
279
-960
164
-18
863
533
258
-603
-154
-221
-584
-145
280
320
-918
20
-93
926
-813
182
-51
-11
249
-987
-688
347
935
-204
-508
-125
-153
329
-84
-990
868
-665
101
126
-711
504
905
-294
-642
184
583
998
-796
-954
480
949
228
986
-506
-524
1000
-636
380
934
160
430
-634
564
-242
-161
132
-818
-269
790
308
21
293
-230
284
208
511
-134
205
272
-530
-759
-223
255
-774
272
289
-775
636
-332
717
-648
655
640
474
970
-522
-395
-848
-234
-606
17
787
244
787
70
-549
-145
494
656
-874
964
897
-96
-225
-878
733
-937
906
-75
-268
622
-166
-614
-182
-693
914
296
-531
-935
619
-580
82
406
664
-574
-968
-886
281
83
327
-36
-397
-220
425
379
-540
157
442
-635
639
731
544
-527
675
-639
-663
588
214
-193
653
-168
-216
-709
795
-552
-726
385
-881
555
-533
447
-924
71
784
501
-994
-757
-785
448
-835
854
179
266
884
-590
627
779
998
-603
-858
207
-213
-74
55
-419
374
330
523
494
-559
991
-503
-483
-382
-720
-982
-376
-919
-767
629
-754
644
-636
513
528
-226
-304
306
-672
94
448
92
438
931
-853
576
305
477
99
-645
475
-354
-591
993
264
-754
568
445
-673
358
-370
-426
1
-448
644
-915
-117
-661
-52
212
-10
953
-697
-573
884
-993
-997
-255
484
-341
-343
-484
305
66
-492
-875
-131
633
127
197
-10
757
771
548
-692
414
634
192
310
-419
961
-700
-909
821
-273
975
829
-713
-724
-131
-54
-67
385
-750
556
450
933
-576
82
59
621
-929
-184
-52
177
-319
919
-190
430
229
-52
390
86
39
-232
370
-430
-404
658
-154
465
-840
336
-593
969
-109
857
901
-127
-61
-40
-507
-433
333
-1
744
-987
-83
-890
1
703
59
948
-212
655
-285
-842
783
311
373
-815
-667
533
522
-260
501
970
-404
-41
-158
92
919
336
217
-192
-666
-40
-179
-192
-372
822
-932
244
770
-144
-102
-959
-429
-763
353
944
-577
243
34
945
983
-909
914
-865
50
-244
-215
-475
649
-999
333
540
-482
712
905
146
90
973
-611
-584
-171
-155
-542
-43
-361
368
-542
62
-390
49
-437
-851
140
-966
842
748
-210
-374
-728
996
-816
163
535
-297
-126
439
406
964
-31
796
-620
798
-803
-605
-689
-164
763
-231
456
930
818
-982
-922
-485
-948
477
-738
-601
-897
-909
-606
-713
-189
486
-453
685
-518
954
206
451
306
143
-195
60
538
116
896
-143
443
-92
-214
-183
-73
-579
-111
-464
898
-292
-64
558
-200
-113
403
611
931
950
-147
-588
903
616
420
-235
-242
-776
825
853
-103
278
-291
897
-815
495
-729
112
916
160
206
813
869
-859
371
-775
-415
-670
393
-485
-721
803
-516
740
418
904
-496
-825
-873
887
585
-418
164
-707
-522
349
345
-251
-982
260
910
-219
-370
335
-78
558
117
64
888
-491
580
724
-688
-937
463
730
968
525
463
652
-32
-396
-767
-869
-102
-731
37
800
18
-388
60
-516
393
247
376
872
-639
-508
-64
-752
2
-928
529
-129
693
-451
-843
217
-927
620
-131
-402
782
-341
-271
-321
-72
323
-522
504
493
95
545
-558
899
-79
-686
-741
-30
-193
-936
972
-564
594
-601
-872
-858
-443
346
773
734
772
-630
515
988
-344
751
-527
536
787
977
28
-119
78
471
-663
999
342
-404
-31
706
-782
-503
-859
369
-103
827
68
11
172
-603
-256
-500
-676
-741
-512
-20
567
-39
-928
353
-506
101
792
572
-872
-872
128
27
-719
654
-268
-501
708
-570
425
-839
-744
-508
172
-14
-111
917
486
213
733
531
750
299
-509
823
-791
-458
-520
-1000
-886
-835
686
-201
192
967
-548
481
-977
-841
911
5
-679
-834
498
50
152
944
-477
-805
157
-745
726
-537
112
775
843
-122
-684
880
-122
-570
-956
-880
-214
-207
-914
238
-727
667
-45
741
-328
-167
908
727
883
-384
670
-594
-189
-617
-782
-906
-153
330
869
-754
-793
-816
-874
-358
-828
728
-238
-42
-479
-594
754
-649
630
-292
-908
859
541
557
585
423
-828
255
386
-459
195
605
-808
599
-66
-940
846
-301
802
529
-102
974
256
218
-511
777
624
-758
686
253
-50
778
-331
-510
334
-747
470
63
65
-144
161
-740
-540
-90
859
-49
-30
704
207
-228
-211
-895
-698
-955
323
-209
379
-497
33
64
313
540
-602
982
587
732
-765
57
-648
300
470
70
560
487
981
-24
-563
-493
-764
202
-164
26
307
139
71
-814
487
-994
-311
-923
71
559
617
469
541
204
-242
333
818
-333
-811
287
294
307
-227
274
-718
-233
339
-482
969
-826
101
275
-130
729
18
-643
736
264
-566
-194
-177
608
832
921
-189
-854
253
-372
-187
442
472
-893
-695
-756
-62
-413
12
834
-337
-20
-992
321
813
-565
50
-170
-651
-215
-906
-660
148
-526
949
-21
-606
-241
-317
204
-55
496
-798
-584
160
-492
-782
656
-348
230
489
-128
767
54
-807
579
490
243
967
839
585
618
-821
-268
-909
-873
268
-958
-557
951
-197
-55
4
5
-81
-837
70
137
376
280
-634
-135
-849
-868
919
-656
269
-35
144
235
-196
-272
-148
-460
460
-57
-776
-715
-458
-776
-765
345
170
-204
907
-912
-483
-466
225
893
814
148
-686
522
-163
-767
867
-895
-245
-433
340
116
296
749
656
-688
-752
880
-846
-210
-896
948
692
-169
-257
599
-524
260
690
258
153
503
-595
467
24
-201
257
-553
-95
570
15
802
-315
868
108
-659
737
356
778
892
-854
882
839
395
-731
-862
-450
-255
399
-761
-998
-892
742
965
132
-677
-236
947
-230
226
516
342
-416
-800
-234
692
-902
-940
48
877
952
-249
315
347
-855
585
485
-304
887
-117
-65
890
-452
-766
411
238
-443
-826
184
-116
-43
-744
784
542
-544
-894
-210
-888
-834
838
989
675
-855
-140
21
-709
-999
-494
-456
889
-54
36
778
52
270
188
-711
384
-80
473
826
877
286
166
-25
742
272
766
411
-4
160
-44
-330
306
817
692
154
818
755
698
706
-743
-267
40
309
561
786
598
-56
-738
-373
-674
-862
913
492
-329
212
-679
994
-378
317
153
136
544
-985
-48
235
169
-674
-454
-134
-968
-196
157
-371
-888
-283
972
268
218
-767
895
545
930
365
-407
-400
-424
-86
-407
-245
788
303
891
332
319
-601
-877
-513
-274
-330
-89
-685
474
-933
-56
143
-659
-84
-590
559
-294
-695
-340
-365
227
254
-208
360
725
385
-886
513
-755
563
-599
564
962
-476
608
-313
194
-482
-441
-776
-858
504
368
-960
977
778
600
-318
640
-741
-125
-134
70
667
-775
-205
52
898
-693
-146
460
-292
-583
-22
232
-976
223
984
-900
782
-793
800
-158
575
841
-182
-90
440
58
-451
256
933
-27
-674
599
198
-322
-793
-348
-15
61
-889
250
35
-353
-962
-383
870
579
-283
208
787
-927
-950
-82
914
-575
385
-90
483
492
-834
-28
-536
-951
-872
219
-273
-665
872
269
-46
540
-925
546
-814
-887
-838
-945
693
-564
-179
36
-490
-129
511
-577
296
-104
334
-664
-613
57
308
-149
-337
436
-931
-53
329
498
773
840
38
848
385
224
961
548
-163
210
984
658
-755
-950
-915
757
-526
381
-791
365
717
-404
979
-418
4
-359
575
-370
145
-97
-872
-83
-701
166
-679
685
947
-719
-211
-660
49
-671
555
-149
-620
640
-393
-146
21
-627
776
-706
-31
754
-567
530
952
-992
-840
96
-532
-712
570
-232
11
891
-991
-43
729
-202
-145
-223
127
-591
186
507
-951
793
918
-373
724
693
-522
-751
3
-88
780
-46
-80
940
607
-55
785
-267
270
-205
-820
279
309
910
-924
-837
-757
-239
-870
429
-733
-821
-221
743
-637
-941
-8
-159
-692
996
753
-913
-494
-771
-974
671
-268
811
961
-999
-838
-859
281
472
608
-86
192
408
675
-121
-163
500
-385
173
242
-22
232
-767
820
540
786
129
628
850
-84
211
520
648
-421
37
649
-259
178
-514
770
-215
401
-481
-807
75
398
-413
-869
-987
317
373
-9
-452
164
-633
645
-494
54
-171
-645
970
598
432
174
-824
-531
-178
-83
204
309
-756
990
-734
-237
740
-102
718
884
30
731
200
960
-721
305
-320
-797
-494
187
257
336
99
-217
-67
-469
957
-334
-443
-664
140
761
202
384
307
468
704
46
-635
422
-71
-48
-291
686
-88
-12
-10
592
192
54
-665
-995
-611
435
-211
-121
523
-698
545
-921
-362
-316
397
840
626
-296
-136
329
307
-213
-693
794
739
17
479
-350
562
-974
800
-690
80
-866
-684
26
569
-338
905
-352
-36
6
-273
603
247
682
-1
-128
-615
421
759
692
-793
-935
485
946
-361
-36
-847
-799
-453
953
-489
627
644
-616
-348
-230
46
-887
418
-990
119
-855
170
-635
384
726
-205
769
146
-447
460
-90
-825
-498
-587
-628
23
-434
-427
570
-925
-359
-247
719
-417
405
-955
629
75
464
196
-807
166
923
-885
-451
649
-90
-683
-649
20
334
262
-247
393
675
125
-585
798
255
542
430
896
-706
-295
-965
256
-249
222
-670
-786
975
-920
380
898
-804
929
103
-337
803
11
241
-307
-728
994
-914
504
-325
-942
-142
930
601
-713
382
452
-450
418
-735
301
-361
-405
515
-387
-767
-549
-933
987
937
170
-794
296
739
447
989
568
-3
-926
72
672
691
487
601
291
332
-17
-701
882
958
-436
182
-404
-283
-747
-234
-50
-739
-166
-64
-803
561
-301
493
299
-854
38
-133
-300
-330
496
-628
-640
-461
530
651
871
-488
507
752
-531
-929
-510
-378
-212
-700
389
295
-439
780
788
-685
-103
-514
365
-804
-811
-597
-380
-110
73
673
262
-10
-789
-209
-803
-918
-139
704
391
-113
775
439
510
-881
739
-545
-29
858
-766
-242
-828
131
245
95
-116
-9
498
61
881
-873
-267
142
-326
-55
491
-129
-416
909
-426
975
-205
907
413
-696
-975
-291
-684
-3
-434
-893
312
-262
-204
-887
390
680
105
-113
-259
-15
-429
31
685
-198
976
175
673
-884
-360
-753
-909
435
711
61
297
736
770
613
-711
893
278
159
-369
-927
272
-980
310
-624
-535
608
362
-407
-361
-397
396
-829
335
-375
-712
975
-571
937
409
-861
-3
-738
433
-676
433
279
-784
-290
-563
-596
-217
710
983
650
643
-996
258
4
-846
897
164
107
625
-502
733
913
-528
-839
849
439
-699
-597
701
291
-273
133
-431
-500
843
7
-95
-818
-727
-556
833
916
-552
90
-523
-398
-457
641
710
-833
-861
-1
638
-389
160
43
-951
18
446
308
-692
730
-560
-122
-770
841
442
-308
-978
715
136
855
630
584
-499
-894
-815
44
305
452
-231
444
-550
-594
612
168
449
662
743
-548
-474
609
-819
-34
-957
-589
-194
485
103
-171
-244
-762
-760
943
379
-258
-951
122
343
354
-427
669
-646
-419
632
966
306
-362
184
48
90
710
-344
271
-767
-301
240
39
741
900
425
-504
-862
223
-561
517
522
-955
-362
-136
-44
-231
-467
-133
-93
-836
-168
-788
-198
-984
-183
449
283
31
-280
516
287
517
-445
28
416
537
81
554
-241
77
-372
-720
-321
-177
-298
635
149
-208
-942
-945
-487
-109
825
-127
-536
-801
-679
747
230
41
263
-484
-443
375
101
531
-532
-818
84
-215
-184
269
-378
496
650
324
-313
-202
673
-254
-589
-814
637
-765
59
658
-566
380
404
221
979
-777
738
-908
155
-162
623
624
-423
-736
-592
394
533
-413
-111
182
912
576
538
141
879
949
327
72
741
-615
-271
733
323
-867
-490
301
914
-753
393
69
-357
-427
-751
-223
-163
-786
728
-631
-199
-384
109
-731
750
-797
411
185
709
-263
-743
449
-320
-14
-262
-998
-324
249
303
-410
53
-748
659
253
-175
465
588
662
679
315
589
-521
489
-746
-694
-205
-543
717
980
-835
-990
-764
171
-310
223
467
-308
899
-285
552
-955
325
805
261
-865
-814
-275
723
406
961
37
-6
-560
-475
248
-697
320
262
-981
300
427
587
93
-846
-723
873
621
-474
329
893
636
374
218
440
-365
-90
183
-83
-368
-412
-122
226
582
-125
309
-614
178
-372
205
-246
485
-369
-660
-865
-214
-826
-993
964
-742
336
857
894
-290
-369
-110
-98
541
-928
819
730
-339
-747
-45
800
128
-737
744
-695
-551
-52
-384
491
137
-486
626
480
-312
634
443
-54
-474
-144
-604
236
487
286
695
-416
-84
514
-687
134
324
-174
-510
-548
-354
-767
-686
-348
-261
-69
-857
876
445
769
-88
690
-41
-646
-807
486
211
-411
-722
-746
433
974
-161
-652
44
-291
39
-633
92
529
-181
739
763
-309
-610
-942
179
-910
934
-820
417
-598
870
-625
-244
620
418
524
767
697
336
199
670
732
104
-730
-560
-858
-363
90
228
14
-172
-10
262
-225
48
-560
-577
-462
-380
840
-60
-954
-786
254
667
190
-666
-10
-114
670
746
-888
-42
-594
-618
399
-895
-424
-512
333
147
-127
881
966
205
-72
-595
628
24
-418
24
521
-371
-204
-669
853
986
-334
-601
-129
893
-856
-460
-149
-450
-521
807
-345
-388
852
988
760
-719
868
282
43
-647
688
-772
-66
827
252
-989
-988
-953
-657
422
-968
-434
821
-540
-542
965
0
-134
-929
479
-328
-717
-909
-920
829
408
-639
253
-311
405
606
934
633
-904
318
-116
-892
330
-68
-992
-248
-479
-426
-871
-18
-411
-906
539
456
723
18
-873
-994
-334
-792
835
631
-874
87
877
531
-750
368
-280
904
-315
605
569
-986
-907
577
-677
-386
-850
-547
153
-260
-896
-308
-805
827
267
880
390
933
645
224
120
772
869
-4
-141
-882
-637
580
-979
48
-259
591
-380
-609
-276
-500
-438
-125
-490
716
172
-386
965
-76
999
231
-640
388
-280
563
-831
840
-109
-963
-165
750
-845
-244
-114
734
804
627
-119
981
-983
606
-962
-420
-963
-452
853
209
163
817
690
161
47
-951
-895
324
612
-726
163
-498
-689
555
810
-977
-690
-748
315
-886
880
-805
652
454
801
690
591
395
-762
0
-397
-42
-184
850
676
420
900
781
-257
68
613
463
128
924
18
-506
505
328
-254
-181
-1
-375
14
-349
637
-628
898
-216
767
693
785
928
-350
-843
777
883
578
233
221
878
-699
-167
341
-14
-244
916
480
-740
243
-775
-364
-758
-592
651
-550
-956
-978
905
-615
346
598
-831
273
805
-673
-393
688
462
840
-535
-104
698
298
794
-317
611
709
720
429
-491
946
-936
-692
-647
715
-685
955
294
-781
897
-360
374
-934
470
179
951
-924
-577
-31
917
-112
865
171
-815
216
855
353
-76
574
-219
-10
76
-154
298
-14
-440
613
-60
412
833
-163
609
206
-540
78
942
968
155
-636
-64
-372
-191
-643
799
-449
573
210
905
-946
-659
-315
44
417
88
900
-597
206
512
-100
-383
-99
294
-775
-893
311
303
-952
-165
-986
971
328
-801
-664
686
556
-112
-185
-235
-651
-574
-337
-409
471
638
680
370
598
-115
-562
-946
502
340
349
284
447
-784
-857
52
52
-842
-421
-621
915
-527
622
470
361
-563
793
267
-580
-545
858
891
650
537
-183
247
-579
-187
302
480
-848
-793
-237
156
-577
-93
765
32
-378
902
-31
-464
-626
-410
564
735
-416
356
1
5
368
-142
-548
18
953
-173
-736
-627
640
123
411
792
330
-827
-496
311
-363
-732
900
259
-831
-132
353
-457
459
-84
835
600
-729
-608
-396
196
-192
-386
771
-240
441
593
-310
-363
-285
-900
-572
603
832
-511
-87
-532
-243
-631
728
-516
238
80
27
-747
553
-581
853
381
-632
-986
-424
176
-815
-653
493
626
940
-817
-738
-789
841
-753
814
672
-264
-717
-860
50
-347
868
534
891
-496
-882
-857
-944
-906
553
437
-538
124
570
639
309
917
131
-509
413
-129
-690
625
-288
-443
438
-617
-150
279
-477
901
932
948
-9
822
-549
109
522
-936
203
-369
58
666
313
-372
-139
-379
-899
549
-330
515
-580
-20
-304
132
95
-867
515
502
412
-962
-41
-100
543
951
-279
552
-384
800
616
377
989
-769
-401
301
-141
460
479
-483
8
-852
-969
428
-314
-273
-884
338
-582
632
-161
387
227
799
-713
-231
306
-435
878
922
923
51
298
911
282
454
-232
698
-87
-754
-786
479
953
804
-537
-805
-913
-420
90
-495
769
929
450
-5
284
737
321
-411
859
199
-932
781
807
-77
248
88
-623
-985
-658
-153
820
-887
-675
329
917
-211
81
-996
-74
-830
-934
-306
-902
516
689
-60
-191
-434
86
-775
322
-289
-995
128
635
-189
773
569
-617
-886
-585
760
-772
-702
88
702
-356
-832
706
570
-662
330
-737
995
-155
509
-509
212
632
577
437
-46
846
-1
639
480
810
412
-395
751
83
20
510
-132
318
-402
-430
519
-677
-725
88
-781
162
-92
771
-993
974
-739
-224
163
395
-788
674
240
-232
312
-724
-422
-720
-119
-672
364
459
395
-769
-667
993
-642
853
874
-809
-503
-908
353
406
863
-83
-64
681
693
-902
75
462
772
873
-770
84
-852
-635
-79
-413
-750
842
-955
645
631
-622
195
989
788
68
-821
-715
160
533
248
-421
-551
-817
-741
700
840
-109
161
611
-237
391
-749
-88
313
173
56
563
14
101
208
-799
36
-598
-810
-176
27
-631
-334
-814
459
914
-678
466
654
-419
165
493
472
-675
104
-765
274
-88
-296
-414
642
760
707
-787
-583
-529
-586
10
-570
-396
834
457
-469
-944
200
990
970
522
455
624
-898
-381
116
131
-498
777
-77
333
-311
627
919
888
-57
182
-900
-83
653
-485
928
-918
-324
318
539
207
375
-262
197
-99
-741
-792
-919
919
